//TRENT 772B
//CLIMB THRUST
[000]
FORMAT.
ROW.
0 2000 4000 6000 8000 10000 12000 14000 16000 18000 20000 22000 24000 26000 28000 30000 32000 34000 36000 38000 40000 41000
ROWEND.
COLUMN.
0.00 0.05 0.10 0.15 0.20 0.25 0.30 0.35 0.40 0.45 0.50 0.55 0.60 0.65 0.70 0.75 0.80 0.85 0.86 COLLINE
0.00 0.05 0.10 0.15 0.20 0.25 0.30 0.35 0.40 0.45 0.50 0.55 0.60 0.65 0.70 0.75 0.80 0.85 0.86 COLLINE
0.00 0.05 0.10 0.15 0.20 0.25 0.30 0.35 0.40 0.45 0.50 0.55 0.60 0.65 0.70 0.75 0.80 0.85 0.86 COLLINE
0.00 0.05 0.10 0.15 0.20 0.25 0.30 0.35 0.40 0.45 0.50 0.55 0.60 0.65 0.70 0.75 0.80 0.85 0.86 COLLINE
0.00 0.05 0.10 0.15 0.20 0.25 0.30 0.35 0.40 0.45 0.50 0.55 0.60 0.65 0.70 0.75 0.80 0.85 0.86 COLLINE
0.00 0.05 0.10 0.15 0.20 0.25 0.30 0.35 0.40 0.45 0.50 0.55 0.60 0.65 0.70 0.75 0.80 0.85 0.86 COLLINE
0.00 0.05 0.10 0.15 0.20 0.25 0.30 0.35 0.40 0.45 0.50 0.55 0.60 0.65 0.70 0.75 0.80 0.85 0.86 COLLINE
0.00 0.05 0.10 0.15 0.20 0.25 0.30 0.35 0.40 0.45 0.50 0.55 0.60 0.65 0.70 0.75 0.80 0.85 0.86 COLLINE
0.00 0.05 0.10 0.15 0.20 0.25 0.30 0.35 0.40 0.45 0.50 0.55 0.60 0.65 0.70 0.75 0.80 0.85 0.86 COLLINE
0.00 0.05 0.10 0.15 0.20 0.25 0.30 0.35 0.40 0.45 0.50 0.55 0.60 0.65 0.70 0.75 0.80 0.85 0.86 COLLINE
0.00 0.05 0.10 0.15 0.20 0.25 0.30 0.35 0.40 0.45 0.50 0.55 0.60 0.65 0.70 0.75 0.80 0.85 0.86 COLLINE
0.00 0.05 0.10 0.15 0.20 0.25 0.30 0.35 0.40 0.45 0.50 0.55 0.60 0.65 0.70 0.75 0.80 0.85 0.86 COLLINE
0.00 0.05 0.10 0.15 0.20 0.25 0.30 0.35 0.40 0.45 0.50 0.55 0.60 0.65 0.70 0.75 0.80 0.85 0.86 COLLINE
0.00 0.05 0.10 0.15 0.20 0.25 0.30 0.35 0.40 0.45 0.50 0.55 0.60 0.65 0.70 0.75 0.80 0.85 0.86 COLLINE
0.00 0.05 0.10 0.15 0.20 0.25 0.30 0.35 0.40 0.45 0.50 0.55 0.60 0.65 0.70 0.75 0.80 0.85 0.86 COLLINE
0.00 0.05 0.10 0.15 0.20 0.25 0.30 0.35 0.40 0.45 0.50 0.55 0.60 0.65 0.70 0.75 0.80 0.85 0.86 COLLINE
0.00 0.05 0.10 0.15 0.20 0.25 0.30 0.35 0.40 0.45 0.50 0.55 0.60 0.65 0.70 0.75 0.80 0.85 0.86 COLLINE
0.00 0.05 0.10 0.15 0.20 0.25 0.30 0.35 0.40 0.45 0.50 0.55 0.60 0.65 0.70 0.75 0.80 0.85 0.86 COLLINE
0.00 0.05 0.10 0.15 0.20 0.25 0.30 0.35 0.40 0.45 0.50 0.55 0.60 0.65 0.70 0.75 0.80 0.85 0.86 COLLINE
0.00 0.05 0.10 0.15 0.20 0.25 0.30 0.35 0.40 0.45 0.50 0.55 0.60 0.65 0.70 0.75 0.80 0.85 0.86 COLLINE
0.00 0.05 0.10 0.15 0.20 0.25 0.30 0.35 0.40 0.45 0.50 0.55 0.60 0.65 0.70 0.75 0.80 0.85 0.86 COLLINE
0.00 0.05 0.10 0.15 0.20 0.25 0.30 0.35 0.40 0.45 0.50 0.55 0.60 0.65 0.70 0.75 0.80 0.85 0.86 COLLINE
COLUMNEND.
GROUP.
10 20 30 40
GROUPEND.
FORMATEND.
1.424 1.424 1.424 1.416 1.409 1.401 1.393 1.409 1.391 1.374 1.359 1.339 1.318 1.296 1.295 1.303 1.312 1.422 1.418
1.443 1.443 1.443 1.435 1.427 1.420 1.412 1.435 1.418 1.401 1.384 1.365 1.345 1.324 1.294 1.303 1.311 1.422 1.417
1.462 1.462 1.462 1.455 1.447 1.439 1.432 1.461 1.444 1.427 1.410 1.391 1.371 1.351 1.322 1.316 1.310 1.421 1.417
1.481 1.481 1.481 1.474 1.467 1.459 1.452 1.487 1.471 1.455 1.436 1.417 1.398 1.379 1.351 1.330 1.310 1.420 1.416
1.500 1.500 1.500 1.493 1.486 1.479 1.472 1.515 1.500 1.484 1.465 1.447 1.427 1.406 1.379 1.355 1.330 1.419 1.415
1.520 1.520 1.520 1.513 1.506 1.499 1.493 1.544 1.529 1.514 1.493 1.477 1.456 1.434 1.408 1.382 1.357 1.418 1.414
1.539 1.539 1.539 1.532 1.526 1.519 1.513 1.566 1.553 1.539 1.521 1.504 1.483 1.463 1.437 1.410 1.384 1.418 1.413
1.558 1.558 1.558 1.552 1.546 1.539 1.533 1.587 1.576 1.565 1.549 1.531 1.511 1.491 1.465 1.438 1.411 1.417 1.413
1.577 1.577 1.577 1.571 1.565 1.559 1.553 1.603 1.597 1.590 1.577 1.559 1.539 1.519 1.494 1.466 1.438 1.416 1.412
1.596 1.596 1.596 1.590 1.584 1.579 1.573 1.614 1.614 1.615 1.604 1.587 1.567 1.546 1.522 1.493 1.465 1.440 1.434
1.615 1.615 1.615 1.609 1.604 1.598 1.593 1.624 1.632 1.639 1.631 1.614 1.594 1.574 1.550 1.521 1.491 1.464 1.458
1.634 1.634 1.634 1.629 1.624 1.619 1.613 1.635 1.641 1.647 1.639 1.627 1.610 1.593 1.572 1.545 1.519 1.488 1.482
1.654 1.654 1.654 1.649 1.644 1.639 1.634 1.645 1.650 1.655 1.648 1.640 1.626 1.612 1.593 1.567 1.540 1.513 1.506
1.673 1.673 1.673 1.668 1.663 1.659 1.654 1.656 1.659 1.662 1.656 1.653 1.641 1.630 1.614 1.588 1.562 1.537 1.530
1.692 1.692 1.692 1.687 1.683 1.678 1.674 1.666 1.668 1.670 1.663 1.672 1.661 1.649 1.634 1.609 1.583 1.561 1.553
1.711 1.711 1.711 1.707 1.702 1.698 1.694 1.676 1.677 1.677 1.670 1.691 1.681 1.670 1.653 1.629 1.605 1.583 1.576
1.710 1.710 1.710 1.711 1.712 1.713 1.714 1.687 1.686 1.685 1.678 1.696 1.687 1.679 1.679 1.654 1.630 1.607 1.599
1.710 1.710 1.710 1.716 1.722 1.729 1.735 1.698 1.695 1.693 1.686 1.701 1.694 1.688 1.704 1.681 1.658 1.633 1.625
1.709 1.709 1.709 1.721 1.732 1.744 1.756 1.709 1.705 1.701 1.694 1.706 1.702 1.697 1.726 1.704 1.682 1.660 1.651
1.708 1.708 1.708 1.719 1.731 1.742 1.754 1.719 1.713 1.708 1.700 1.710 1.707 1.705 1.723 1.702 1.680 1.654 1.647
1.706 1.706 1.706 1.717 1.729 1.741 1.752 1.728 1.721 1.714 1.707 1.713 1.713 1.713 1.718 1.696 1.675 1.649 1.643
1.705 1.705 1.705 1.716 1.728 1.740 1.751 1.733 1.725 1.717 1.710 1.715 1.716 1.717 1.715 1.693 1.671 1.646 1.641
1.386 1.386 1.386 1.377 1.368 1.360 1.351 1.354 1.336 1.319 1.304 1.285 1.263 1.242 1.238 1.243 1.249 1.355 1.351
1.404 1.404 1.404 1.395 1.386 1.378 1.369 1.378 1.361 1.343 1.327 1.308 1.288 1.267 1.237 1.242 1.248 1.355 1.351
1.421 1.421 1.421 1.413 1.405 1.396 1.388 1.403 1.386 1.368 1.350 1.332 1.312 1.292 1.264 1.255 1.247 1.354 1.350
1.439 1.439 1.439 1.431 1.423 1.415 1.408 1.428 1.411 1.394 1.376 1.356 1.336 1.317 1.291 1.269 1.246 1.353 1.349
1.456 1.456 1.456 1.449 1.442 1.434 1.427 1.456 1.439 1.422 1.403 1.384 1.363 1.342 1.318 1.292 1.266 1.352 1.348
1.474 1.474 1.474 1.467 1.460 1.453 1.446 1.483 1.467 1.451 1.430 1.413 1.391 1.369 1.344 1.318 1.292 1.351 1.347
1.492 1.492 1.492 1.485 1.479 1.472 1.466 1.505 1.490 1.475 1.457 1.439 1.418 1.397 1.371 1.345 1.319 1.351 1.347
1.509 1.509 1.509 1.503 1.497 1.491 1.485 1.526 1.513 1.500 1.485 1.465 1.445 1.424 1.398 1.372 1.345 1.350 1.346
1.527 1.527 1.527 1.521 1.515 1.510 1.504 1.541 1.533 1.525 1.511 1.492 1.471 1.451 1.425 1.398 1.371 1.349 1.345
1.544 1.544 1.544 1.539 1.534 1.529 1.523 1.550 1.550 1.551 1.539 1.520 1.499 1.477 1.452 1.425 1.397 1.371 1.366
1.561 1.561 1.561 1.556 1.552 1.547 1.542 1.559 1.568 1.577 1.566 1.547 1.526 1.504 1.480 1.452 1.423 1.394 1.388
1.579 1.579 1.579 1.575 1.570 1.566 1.562 1.568 1.575 1.583 1.575 1.560 1.542 1.523 1.501 1.475 1.450 1.417 1.411
1.597 1.597 1.597 1.593 1.589 1.585 1.582 1.578 1.583 1.588 1.583 1.573 1.557 1.542 1.521 1.496 1.471 1.440 1.433
1.614 1.614 1.614 1.611 1.608 1.604 1.601 1.587 1.590 1.594 1.590 1.586 1.573 1.560 1.542 1.517 1.491 1.462 1.456
1.632 1.632 1.632 1.629 1.626 1.623 1.620 1.596 1.598 1.599 1.594 1.604 1.592 1.579 1.564 1.538 1.512 1.485 1.478
1.649 1.649 1.649 1.647 1.644 1.642 1.639 1.605 1.605 1.604 1.598 1.622 1.611 1.600 1.585 1.559 1.532 1.507 1.500
1.648 1.648 1.648 1.651 1.654 1.656 1.659 1.614 1.612 1.610 1.603 1.623 1.615 1.607 1.610 1.583 1.557 1.530 1.522
1.648 1.648 1.648 1.656 1.663 1.671 1.679 1.624 1.620 1.616 1.608 1.624 1.619 1.615 1.635 1.610 1.586 1.557 1.549
1.647 1.647 1.647 1.660 1.673 1.686 1.699 1.633 1.628 1.622 1.612 1.625 1.624 1.623 1.660 1.636 1.611 1.584 1.576
1.646 1.646 1.646 1.659 1.671 1.684 1.697 1.642 1.634 1.626 1.616 1.625 1.627 1.629 1.651 1.629 1.608 1.581 1.573
1.644 1.644 1.644 1.657 1.669 1.682 1.695 1.650 1.640 1.631 1.620 1.625 1.630 1.636 1.644 1.623 1.602 1.577 1.570
1.643 1.643 1.643 1.656 1.669 1.681 1.694 1.654 1.643 1.633 1.621 1.625 1.632 1.639 1.640 1.619 1.598 1.574 1.569
1.364 1.364 1.364 1.353 1.343 1.332 1.322 1.303 1.286 1.268 1.254 1.234 1.213 1.191 1.184 1.187 1.190 1.290 1.286
1.378 1.378 1.378 1.369 1.359 1.350 1.340 1.324 1.307 1.290 1.274 1.255 1.234 1.213 1.183 1.186 1.189 1.289 1.285
1.393 1.393 1.393 1.384 1.375 1.366 1.357 1.348 1.330 1.312 1.294 1.276 1.256 1.236 1.208 1.198 1.188 1.288 1.285
1.408 1.408 1.408 1.399 1.391 1.382 1.374 1.372 1.354 1.337 1.318 1.297 1.278 1.258 1.233 1.210 1.187 1.288 1.284
1.423 1.423 1.423 1.415 1.407 1.399 1.391 1.398 1.380 1.363 1.344 1.325 1.303 1.281 1.259 1.232 1.206 1.287 1.283
1.437 1.437 1.437 1.430 1.423 1.416 1.408 1.425 1.407 1.390 1.370 1.352 1.329 1.306 1.284 1.258 1.231 1.286 1.282
1.452 1.452 1.452 1.445 1.439 1.432 1.425 1.445 1.429 1.413 1.396 1.377 1.355 1.333 1.309 1.283 1.257 1.285 1.281
1.467 1.467 1.467 1.461 1.455 1.449 1.443 1.466 1.451 1.437 1.422 1.402 1.380 1.359 1.334 1.308 1.282 1.284 1.281
1.482 1.482 1.482 1.476 1.471 1.465 1.460 1.479 1.470 1.461 1.447 1.428 1.406 1.385 1.359 1.333 1.307 1.284 1.280
1.496 1.496 1.496 1.491 1.486 1.481 1.476 1.486 1.486 1.487 1.474 1.454 1.432 1.410 1.385 1.359 1.332 1.305 1.300
1.511 1.511 1.511 1.506 1.502 1.497 1.493 1.492 1.502 1.513 1.501 1.481 1.458 1.436 1.412 1.384 1.357 1.326 1.321
1.526 1.526 1.526 1.522 1.518 1.514 1.510 1.499 1.507 1.515 1.509 1.493 1.473 1.454 1.431 1.407 1.382 1.348 1.342
1.541 1.541 1.541 1.537 1.534 1.531 1.528 1.506 1.512 1.518 1.517 1.505 1.488 1.472 1.450 1.426 1.402 1.370 1.364
1.555 1.555 1.555 1.553 1.550 1.547 1.545 1.513 1.517 1.520 1.521 1.516 1.503 1.489 1.470 1.446 1.421 1.392 1.385
1.570 1.570 1.570 1.568 1.566 1.564 1.562 1.520 1.521 1.522 1.521 1.534 1.521 1.508 1.492 1.466 1.440 1.413 1.406
1.585 1.585 1.585 1.583 1.582 1.580 1.579 1.526 1.525 1.525 1.521 1.552 1.540 1.529 1.514 1.487 1.459 1.434 1.427
1.584 1.584 1.584 1.587 1.590 1.593 1.596 1.533 1.530 1.527 1.521 1.547 1.540 1.533 1.538 1.511 1.484 1.455 1.448
1.584 1.584 1.584 1.591 1.598 1.606 1.613 1.540 1.535 1.530 1.522 1.542 1.540 1.537 1.562 1.538 1.513 1.483 1.475
1.583 1.583 1.583 1.595 1.607 1.619 1.631 1.547 1.540 1.533 1.523 1.538 1.540 1.542 1.586 1.562 1.539 1.511 1.502
1.581 1.581 1.581 1.593 1.605 1.617 1.629 1.553 1.544 1.534 1.522 1.532 1.539 1.545 1.570 1.552 1.534 1.507 1.500
1.580 1.580 1.580 1.592 1.603 1.615 1.627 1.559 1.547 1.536 1.521 1.526 1.537 1.548 1.561 1.545 1.529 1.504 1.498
1.579 1.579 1.579 1.591 1.603 1.614 1.626 1.562 1.549 1.536 1.521 1.523 1.536 1.550 1.556 1.541 1.526 1.502 1.496
1.322 1.322 1.322 1.312 1.301 1.291 1.280 1.262 1.244 1.226 1.211 1.191 1.169 1.147 1.138 1.138 1.139 1.231 1.228
1.335 1.335 1.335 1.325 1.316 1.306 1.296 1.280 1.263 1.246 1.229 1.210 1.188 1.167 1.137 1.138 1.138 1.230 1.227
1.348 1.348 1.348 1.339 1.330 1.320 1.311 1.301 1.283 1.265 1.248 1.228 1.208 1.188 1.160 1.149 1.138 1.229 1.226
1.361 1.361 1.361 1.353 1.344 1.335 1.326 1.323 1.305 1.288 1.269 1.247 1.228 1.208 1.183 1.160 1.137 1.229 1.225
1.374 1.374 1.374 1.366 1.358 1.349 1.341 1.348 1.330 1.312 1.292 1.272 1.250 1.228 1.206 1.180 1.154 1.228 1.224
1.388 1.388 1.388 1.380 1.372 1.364 1.356 1.372 1.355 1.337 1.317 1.297 1.274 1.251 1.229 1.204 1.178 1.227 1.223
1.401 1.401 1.401 1.394 1.386 1.379 1.371 1.392 1.376 1.359 1.341 1.321 1.298 1.275 1.253 1.227 1.201 1.226 1.223
1.414 1.414 1.414 1.407 1.400 1.393 1.387 1.412 1.397 1.381 1.365 1.344 1.322 1.300 1.276 1.251 1.225 1.226 1.222
1.427 1.427 1.427 1.421 1.414 1.408 1.402 1.424 1.414 1.404 1.390 1.369 1.347 1.324 1.299 1.274 1.248 1.225 1.221
1.440 1.440 1.440 1.434 1.428 1.422 1.416 1.427 1.428 1.428 1.415 1.394 1.372 1.349 1.323 1.297 1.272 1.245 1.240
1.453 1.453 1.453 1.447 1.442 1.437 1.431 1.430 1.441 1.452 1.440 1.419 1.396 1.374 1.348 1.322 1.295 1.265 1.260
1.466 1.466 1.466 1.461 1.456 1.451 1.446 1.434 1.442 1.451 1.447 1.430 1.410 1.390 1.366 1.342 1.319 1.285 1.280
1.480 1.480 1.480 1.475 1.471 1.466 1.462 1.438 1.444 1.450 1.453 1.440 1.423 1.406 1.383 1.360 1.337 1.306 1.300
1.493 1.493 1.493 1.489 1.485 1.481 1.477 1.441 1.445 1.448 1.454 1.450 1.436 1.422 1.403 1.379 1.355 1.326 1.320
1.506 1.506 1.506 1.502 1.499 1.495 1.492 1.445 1.446 1.447 1.450 1.465 1.452 1.439 1.424 1.398 1.373 1.346 1.340
1.519 1.519 1.519 1.516 1.513 1.510 1.507 1.448 1.447 1.445 1.445 1.481 1.470 1.459 1.445 1.418 1.390 1.366 1.359
1.518 1.518 1.518 1.519 1.520 1.521 1.522 1.452 1.448 1.444 1.441 1.471 1.465 1.459 1.467 1.440 1.414 1.386 1.379
1.518 1.518 1.518 1.523 1.528 1.532 1.537 1.456 1.449 1.443 1.438 1.461 1.460 1.460 1.487 1.465 1.443 1.413 1.405
1.517 1.517 1.517 1.526 1.535 1.544 1.553 1.459 1.451 1.442 1.434 1.451 1.456 1.461 1.506 1.486 1.467 1.440 1.431
1.516 1.516 1.516 1.525 1.533 1.542 1.551 1.462 1.451 1.440 1.429 1.440 1.450 1.460 1.484 1.473 1.461 1.436 1.428
1.514 1.514 1.514 1.523 1.532 1.540 1.549 1.465 1.451 1.438 1.424 1.428 1.444 1.459 1.474 1.465 1.456 1.433 1.427
1.513 1.513 1.513 1.522 1.531 1.540 1.548 1.466 1.451 1.436 1.421 1.423 1.441 1.459 1.468 1.461 1.454 1.432 1.426

//MCT THRUST
[001]
FORMAT.
ROW.
0 2000 4000 6000 8000 10000 12000 14000 16000 18000 20000 22000 24000 26000 28000 30000 32000 34000 36000 38000 40000 41000
ROWEND.
COLUMN.
0.00 0.05 0.10 0.15 0.20 0.25 0.30 0.35 0.40 0.45 0.50 0.55 0.60 0.65 0.70 0.75 0.80 0.85 0.86 COLLINE
0.00 0.05 0.10 0.15 0.20 0.25 0.30 0.35 0.40 0.45 0.50 0.55 0.60 0.65 0.70 0.75 0.80 0.85 0.86 COLLINE
0.00 0.05 0.10 0.15 0.20 0.25 0.30 0.35 0.40 0.45 0.50 0.55 0.60 0.65 0.70 0.75 0.80 0.85 0.86 COLLINE
0.00 0.05 0.10 0.15 0.20 0.25 0.30 0.35 0.40 0.45 0.50 0.55 0.60 0.65 0.70 0.75 0.80 0.85 0.86 COLLINE
0.00 0.05 0.10 0.15 0.20 0.25 0.30 0.35 0.40 0.45 0.50 0.55 0.60 0.65 0.70 0.75 0.80 0.85 0.86 COLLINE
0.00 0.05 0.10 0.15 0.20 0.25 0.30 0.35 0.40 0.45 0.50 0.55 0.60 0.65 0.70 0.75 0.80 0.85 0.86 COLLINE
0.00 0.05 0.10 0.15 0.20 0.25 0.30 0.35 0.40 0.45 0.50 0.55 0.60 0.65 0.70 0.75 0.80 0.85 0.86 COLLINE
0.00 0.05 0.10 0.15 0.20 0.25 0.30 0.35 0.40 0.45 0.50 0.55 0.60 0.65 0.70 0.75 0.80 0.85 0.86 COLLINE
0.00 0.05 0.10 0.15 0.20 0.25 0.30 0.35 0.40 0.45 0.50 0.55 0.60 0.65 0.70 0.75 0.80 0.85 0.86 COLLINE
0.00 0.05 0.10 0.15 0.20 0.25 0.30 0.35 0.40 0.45 0.50 0.55 0.60 0.65 0.70 0.75 0.80 0.85 0.86 COLLINE
0.00 0.05 0.10 0.15 0.20 0.25 0.30 0.35 0.40 0.45 0.50 0.55 0.60 0.65 0.70 0.75 0.80 0.85 0.86 COLLINE
0.00 0.05 0.10 0.15 0.20 0.25 0.30 0.35 0.40 0.45 0.50 0.55 0.60 0.65 0.70 0.75 0.80 0.85 0.86 COLLINE
0.00 0.05 0.10 0.15 0.20 0.25 0.30 0.35 0.40 0.45 0.50 0.55 0.60 0.65 0.70 0.75 0.80 0.85 0.86 COLLINE
0.00 0.05 0.10 0.15 0.20 0.25 0.30 0.35 0.40 0.45 0.50 0.55 0.60 0.65 0.70 0.75 0.80 0.85 0.86 COLLINE
0.00 0.05 0.10 0.15 0.20 0.25 0.30 0.35 0.40 0.45 0.50 0.55 0.60 0.65 0.70 0.75 0.80 0.85 0.86 COLLINE
0.00 0.05 0.10 0.15 0.20 0.25 0.30 0.35 0.40 0.45 0.50 0.55 0.60 0.65 0.70 0.75 0.80 0.85 0.86 COLLINE
0.00 0.05 0.10 0.15 0.20 0.25 0.30 0.35 0.40 0.45 0.50 0.55 0.60 0.65 0.70 0.75 0.80 0.85 0.86 COLLINE
0.00 0.05 0.10 0.15 0.20 0.25 0.30 0.35 0.40 0.45 0.50 0.55 0.60 0.65 0.70 0.75 0.80 0.85 0.86 COLLINE
0.00 0.05 0.10 0.15 0.20 0.25 0.30 0.35 0.40 0.45 0.50 0.55 0.60 0.65 0.70 0.75 0.80 0.85 0.86 COLLINE
0.00 0.05 0.10 0.15 0.20 0.25 0.30 0.35 0.40 0.45 0.50 0.55 0.60 0.65 0.70 0.75 0.80 0.85 0.86 COLLINE
0.00 0.05 0.10 0.15 0.20 0.25 0.30 0.35 0.40 0.45 0.50 0.55 0.60 0.65 0.70 0.75 0.80 0.85 0.86 COLLINE
0.00 0.05 0.10 0.15 0.20 0.25 0.30 0.35 0.40 0.45 0.50 0.55 0.60 0.65 0.70 0.75 0.80 0.85 0.86 COLLINE
COLUMNEND.
GROUP.
10 20 30 40
GROUPEND.
FORMATEND.
1.498 1.498 1.498 1.502 1.507 1.494 1.481 1.467 1.452 1.435 1.417 1.393 1.369 1.348 1.326 1.345 1.363 1.422 1.418
1.518 1.518 1.518 1.525 1.531 1.518 1.506 1.491 1.477 1.459 1.441 1.420 1.398 1.377 1.355 1.359 1.362 1.422 1.417
1.539 1.539 1.539 1.547 1.555 1.543 1.530 1.516 1.501 1.483 1.466 1.446 1.427 1.405 1.384 1.373 1.362 1.421 1.417
1.563 1.563 1.563 1.574 1.586 1.573 1.561 1.547 1.534 1.516 1.498 1.479 1.461 1.440 1.419 1.393 1.367 1.420 1.416
1.589 1.589 1.589 1.606 1.622 1.611 1.599 1.586 1.574 1.557 1.540 1.520 1.501 1.482 1.463 1.429 1.395 1.419 1.415
1.615 1.615 1.615 1.636 1.658 1.647 1.636 1.625 1.614 1.599 1.582 1.562 1.542 1.525 1.507 1.468 1.429 1.424 1.423
1.634 1.634 1.634 1.659 1.683 1.673 1.664 1.655 1.647 1.631 1.620 1.599 1.579 1.558 1.537 1.494 1.451 1.440 1.438
1.654 1.654 1.654 1.681 1.708 1.700 1.692 1.686 1.679 1.663 1.657 1.636 1.615 1.592 1.568 1.520 1.473 1.456 1.453
1.673 1.673 1.673 1.696 1.719 1.719 1.720 1.713 1.706 1.695 1.679 1.660 1.642 1.613 1.585 1.540 1.494 1.474 1.470
1.678 1.678 1.678 1.698 1.717 1.714 1.711 1.704 1.696 1.684 1.671 1.654 1.637 1.613 1.590 1.553 1.516 1.493 1.489
1.677 1.677 1.677 1.696 1.716 1.709 1.703 1.695 1.686 1.673 1.662 1.647 1.632 1.613 1.594 1.566 1.537 1.512 1.507
1.676 1.676 1.676 1.695 1.715 1.710 1.706 1.699 1.691 1.669 1.658 1.645 1.631 1.614 1.598 1.569 1.541 1.518 1.514
1.676 1.676 1.676 1.695 1.714 1.711 1.709 1.703 1.696 1.675 1.653 1.642 1.631 1.616 1.601 1.573 1.545 1.524 1.520
1.673 1.673 1.673 1.668 1.663 1.659 1.654 1.656 1.659 1.662 1.656 1.653 1.641 1.630 1.614 1.588 1.562 1.537 1.530
1.692 1.692 1.692 1.687 1.683 1.678 1.674 1.666 1.668 1.670 1.663 1.672 1.661 1.649 1.634 1.609 1.583 1.561 1.553
1.711 1.711 1.711 1.707 1.702 1.698 1.694 1.676 1.677 1.677 1.670 1.691 1.681 1.670 1.653 1.629 1.605 1.583 1.576
1.710 1.710 1.710 1.711 1.712 1.713 1.714 1.687 1.686 1.685 1.678 1.696 1.687 1.679 1.679 1.654 1.630 1.607 1.599
1.710 1.710 1.710 1.716 1.722 1.729 1.735 1.698 1.695 1.693 1.686 1.701 1.694 1.688 1.704 1.681 1.658 1.633 1.625
1.709 1.709 1.709 1.721 1.732 1.744 1.756 1.709 1.705 1.701 1.694 1.706 1.702 1.697 1.726 1.704 1.682 1.660 1.651
1.708 1.708 1.708 1.719 1.731 1.742 1.754 1.719 1.713 1.708 1.700 1.710 1.707 1.705 1.723 1.702 1.680 1.654 1.647
1.706 1.706 1.706 1.717 1.729 1.741 1.752 1.728 1.721 1.714 1.707 1.713 1.713 1.713 1.718 1.696 1.675 1.649 1.643
1.705 1.705 1.705 1.716 1.728 1.740 1.751 1.733 1.725 1.717 1.710 1.715 1.716 1.717 1.715 1.693 1.671 1.646 1.641
1.475 1.475 1.475 1.478 1.481 1.469 1.456 1.441 1.425 1.407 1.391 1.366 1.341 1.320 1.298 1.316 1.333 1.355 1.351
1.496 1.496 1.496 1.500 1.505 1.492 1.480 1.464 1.449 1.431 1.414 1.392 1.369 1.348 1.326 1.329 1.332 1.355 1.351
1.517 1.517 1.517 1.523 1.528 1.515 1.503 1.488 1.473 1.455 1.437 1.418 1.398 1.376 1.354 1.343 1.331 1.354 1.350
1.538 1.538 1.538 1.545 1.552 1.540 1.527 1.513 1.498 1.480 1.462 1.444 1.425 1.403 1.382 1.356 1.330 1.353 1.349
1.559 1.559 1.559 1.568 1.577 1.565 1.553 1.539 1.524 1.506 1.489 1.470 1.451 1.430 1.410 1.378 1.346 1.352 1.348
1.580 1.580 1.580 1.591 1.602 1.590 1.578 1.564 1.551 1.533 1.516 1.496 1.476 1.457 1.438 1.402 1.366 1.360 1.359
1.602 1.602 1.602 1.615 1.628 1.618 1.607 1.595 1.583 1.565 1.552 1.531 1.510 1.488 1.466 1.426 1.387 1.375 1.373
1.623 1.623 1.623 1.638 1.654 1.645 1.636 1.626 1.616 1.597 1.588 1.566 1.544 1.519 1.494 1.450 1.407 1.390 1.387
1.644 1.644 1.644 1.655 1.665 1.665 1.665 1.654 1.643 1.629 1.611 1.591 1.571 1.541 1.510 1.469 1.427 1.407 1.403
1.649 1.649 1.649 1.656 1.662 1.658 1.654 1.644 1.634 1.620 1.604 1.586 1.567 1.541 1.515 1.481 1.447 1.425 1.420
1.648 1.648 1.648 1.654 1.659 1.651 1.643 1.634 1.624 1.611 1.598 1.580 1.563 1.541 1.520 1.494 1.468 1.443 1.438
1.648 1.648 1.648 1.652 1.657 1.651 1.645 1.637 1.629 1.607 1.593 1.578 1.562 1.543 1.524 1.497 1.470 1.448 1.444
1.647 1.647 1.647 1.651 1.655 1.651 1.648 1.640 1.633 1.613 1.588 1.575 1.562 1.545 1.528 1.501 1.473 1.453 1.449
1.614 1.614 1.614 1.611 1.608 1.604 1.601 1.587 1.590 1.594 1.590 1.586 1.573 1.560 1.542 1.517 1.491 1.462 1.456
1.632 1.632 1.632 1.629 1.626 1.623 1.620 1.596 1.598 1.599 1.594 1.604 1.592 1.579 1.564 1.538 1.512 1.485 1.478
1.649 1.649 1.649 1.647 1.644 1.642 1.639 1.605 1.605 1.604 1.598 1.622 1.611 1.600 1.585 1.559 1.532 1.507 1.500
1.648 1.648 1.648 1.651 1.654 1.656 1.659 1.614 1.612 1.610 1.603 1.623 1.615 1.607 1.610 1.583 1.557 1.530 1.522
1.648 1.648 1.648 1.656 1.663 1.671 1.679 1.624 1.620 1.616 1.608 1.624 1.619 1.615 1.635 1.610 1.586 1.557 1.549
1.647 1.647 1.647 1.660 1.673 1.686 1.699 1.633 1.628 1.622 1.612 1.625 1.624 1.623 1.660 1.636 1.611 1.584 1.576
1.646 1.646 1.646 1.659 1.671 1.684 1.697 1.642 1.634 1.626 1.616 1.625 1.627 1.629 1.651 1.629 1.608 1.581 1.573
1.644 1.644 1.644 1.657 1.669 1.682 1.695 1.650 1.640 1.631 1.620 1.625 1.630 1.636 1.644 1.623 1.602 1.577 1.570
1.643 1.643 1.643 1.656 1.669 1.681 1.694 1.654 1.643 1.633 1.621 1.625 1.632 1.639 1.640 1.619 1.598 1.574 1.569
1.430 1.430 1.430 1.430 1.431 1.418 1.405 1.388 1.371 1.351 1.337 1.311 1.285 1.264 1.242 1.257 1.273 1.290 1.286
1.452 1.452 1.452 1.452 1.452 1.440 1.427 1.411 1.394 1.374 1.359 1.336 1.313 1.290 1.268 1.270 1.272 1.289 1.285
1.474 1.474 1.474 1.474 1.474 1.461 1.449 1.432 1.416 1.397 1.381 1.361 1.340 1.317 1.294 1.282 1.271 1.288 1.285
1.496 1.496 1.496 1.496 1.497 1.484 1.471 1.455 1.439 1.421 1.404 1.385 1.366 1.343 1.320 1.295 1.270 1.288 1.284
1.518 1.518 1.518 1.519 1.521 1.508 1.496 1.480 1.464 1.444 1.428 1.408 1.389 1.367 1.345 1.315 1.284 1.287 1.283
1.539 1.539 1.539 1.542 1.545 1.533 1.520 1.504 1.488 1.468 1.451 1.432 1.413 1.392 1.371 1.338 1.304 1.296 1.295
1.562 1.562 1.562 1.567 1.572 1.560 1.549 1.535 1.520 1.499 1.484 1.463 1.443 1.420 1.397 1.360 1.323 1.311 1.308
1.584 1.584 1.584 1.591 1.599 1.588 1.578 1.565 1.552 1.530 1.516 1.494 1.473 1.448 1.423 1.383 1.342 1.325 1.322
1.605 1.605 1.605 1.608 1.610 1.608 1.606 1.593 1.579 1.561 1.541 1.520 1.499 1.469 1.439 1.400 1.362 1.341 1.337
1.611 1.611 1.611 1.608 1.605 1.600 1.595 1.583 1.570 1.554 1.536 1.516 1.496 1.470 1.444 1.412 1.381 1.358 1.353
1.610 1.610 1.610 1.605 1.601 1.592 1.583 1.572 1.562 1.547 1.531 1.512 1.493 1.471 1.449 1.424 1.400 1.375 1.370
1.609 1.609 1.609 1.603 1.597 1.590 1.583 1.574 1.565 1.543 1.526 1.510 1.493 1.473 1.452 1.427 1.402 1.379 1.375
1.609 1.609 1.609 1.601 1.593 1.589 1.584 1.576 1.568 1.548 1.521 1.507 1.492 1.474 1.456 1.430 1.404 1.383 1.379
1.555 1.555 1.555 1.553 1.550 1.547 1.545 1.513 1.517 1.520 1.521 1.516 1.503 1.489 1.470 1.446 1.421 1.392 1.385
1.570 1.570 1.570 1.568 1.566 1.564 1.562 1.520 1.521 1.522 1.521 1.534 1.521 1.508 1.492 1.466 1.440 1.413 1.406
1.585 1.585 1.585 1.583 1.582 1.580 1.579 1.526 1.525 1.525 1.521 1.552 1.540 1.529 1.514 1.487 1.459 1.434 1.427
1.584 1.584 1.584 1.587 1.590 1.593 1.596 1.533 1.530 1.527 1.521 1.547 1.540 1.533 1.538 1.511 1.484 1.455 1.448
1.584 1.584 1.584 1.591 1.598 1.606 1.613 1.540 1.535 1.530 1.522 1.542 1.540 1.537 1.562 1.538 1.513 1.483 1.475
1.583 1.583 1.583 1.595 1.607 1.619 1.631 1.547 1.540 1.533 1.523 1.538 1.540 1.542 1.586 1.562 1.539 1.511 1.502
1.581 1.581 1.581 1.593 1.605 1.617 1.629 1.553 1.544 1.534 1.522 1.532 1.539 1.545 1.570 1.552 1.534 1.507 1.500
1.580 1.580 1.580 1.592 1.603 1.615 1.627 1.559 1.547 1.536 1.521 1.526 1.537 1.548 1.561 1.545 1.529 1.504 1.498
1.579 1.579 1.579 1.591 1.603 1.614 1.626 1.562 1.549 1.536 1.521 1.523 1.536 1.550 1.556 1.541 1.526 1.502 1.496
1.388 1.388 1.388 1.386 1.384 1.372 1.359 1.341 1.323 1.303 1.290 1.264 1.237 1.215 1.193 1.206 1.219 1.231 1.228
1.409 1.409 1.409 1.407 1.405 1.392 1.379 1.362 1.345 1.324 1.310 1.287 1.263 1.240 1.217 1.217 1.218 1.230 1.227
1.430 1.430 1.430 1.428 1.425 1.412 1.398 1.382 1.365 1.346 1.331 1.309 1.288 1.264 1.240 1.229 1.217 1.229 1.226
1.451 1.451 1.451 1.449 1.447 1.433 1.420 1.403 1.387 1.367 1.351 1.331 1.312 1.288 1.264 1.240 1.216 1.229 1.225
1.473 1.473 1.473 1.471 1.469 1.457 1.444 1.427 1.409 1.389 1.372 1.352 1.332 1.310 1.288 1.258 1.229 1.228 1.224
1.494 1.494 1.494 1.493 1.492 1.480 1.468 1.450 1.431 1.411 1.393 1.373 1.353 1.332 1.311 1.279 1.247 1.237 1.235
1.515 1.515 1.515 1.516 1.517 1.506 1.494 1.477 1.460 1.438 1.421 1.400 1.380 1.358 1.335 1.300 1.265 1.250 1.248
1.537 1.537 1.537 1.539 1.542 1.531 1.521 1.505 1.489 1.465 1.448 1.427 1.407 1.383 1.359 1.321 1.283 1.264 1.260
1.558 1.558 1.558 1.555 1.552 1.549 1.547 1.530 1.513 1.491 1.473 1.452 1.432 1.403 1.373 1.337 1.300 1.278 1.274
1.564 1.564 1.564 1.555 1.546 1.540 1.535 1.520 1.506 1.487 1.470 1.450 1.430 1.404 1.378 1.348 1.318 1.294 1.289
1.563 1.563 1.563 1.552 1.541 1.532 1.522 1.510 1.499 1.483 1.467 1.448 1.429 1.406 1.383 1.359 1.335 1.309 1.304
1.562 1.562 1.562 1.549 1.536 1.528 1.521 1.511 1.500 1.479 1.462 1.445 1.428 1.407 1.386 1.361 1.337 1.313 1.308
1.561 1.561 1.561 1.546 1.531 1.525 1.520 1.511 1.502 1.482 1.457 1.442 1.427 1.408 1.389 1.363 1.338 1.316 1.312
1.493 1.493 1.493 1.489 1.485 1.481 1.477 1.441 1.445 1.448 1.454 1.450 1.436 1.422 1.403 1.379 1.355 1.326 1.320
1.506 1.506 1.506 1.502 1.499 1.495 1.492 1.445 1.446 1.447 1.450 1.465 1.452 1.439 1.424 1.398 1.373 1.346 1.340
1.519 1.519 1.519 1.516 1.513 1.510 1.507 1.448 1.447 1.445 1.445 1.481 1.470 1.459 1.445 1.418 1.390 1.366 1.359
1.518 1.518 1.518 1.519 1.520 1.521 1.522 1.452 1.448 1.444 1.441 1.471 1.465 1.459 1.467 1.440 1.414 1.386 1.379
1.518 1.518 1.518 1.523 1.528 1.532 1.537 1.456 1.449 1.443 1.438 1.461 1.460 1.460 1.487 1.465 1.443 1.413 1.405
1.517 1.517 1.517 1.526 1.535 1.544 1.553 1.459 1.451 1.442 1.434 1.451 1.456 1.461 1.506 1.486 1.467 1.440 1.431
1.516 1.516 1.516 1.525 1.533 1.542 1.551 1.462 1.451 1.440 1.429 1.440 1.450 1.460 1.484 1.473 1.461 1.436 1.428
1.514 1.514 1.514 1.523 1.532 1.540 1.549 1.465 1.451 1.438 1.424 1.428 1.444 1.459 1.474 1.465 1.456 1.433 1.427
1.513 1.513 1.513 1.522 1.531 1.540 1.548 1.466 1.451 1.436 1.421 1.423 1.441 1.459 1.468 1.461 1.454 1.432 1.426

//TOGA EPR, flat rated to 20c
[002]
FORMAT.
ROW.
0 2000 4000 6000 8000 10000 12000 14000 16000 18000 20000 22000 24000 26000 28000 30000 32000 34000 36000 38000 40000 41000
ROWEND.
COLUMN.
0.00 0.05 0.10 0.15 0.20 0.25 0.30 0.35 0.40 0.45 0.50 0.55 0.60 0.65 0.70 0.75 0.80 0.85 0.86 COLLINE
0.00 0.05 0.10 0.15 0.20 0.25 0.30 0.35 0.40 0.45 0.50 0.55 0.60 0.65 0.70 0.75 0.80 0.85 0.86 COLLINE
0.00 0.05 0.10 0.15 0.20 0.25 0.30 0.35 0.40 0.45 0.50 0.55 0.60 0.65 0.70 0.75 0.80 0.85 0.86 COLLINE
0.00 0.05 0.10 0.15 0.20 0.25 0.30 0.35 0.40 0.45 0.50 0.55 0.60 0.65 0.70 0.75 0.80 0.85 0.86 COLLINE
0.00 0.05 0.10 0.15 0.20 0.25 0.30 0.35 0.40 0.45 0.50 0.55 0.60 0.65 0.70 0.75 0.80 0.85 0.86 COLLINE
0.00 0.05 0.10 0.15 0.20 0.25 0.30 0.35 0.40 0.45 0.50 0.55 0.60 0.65 0.70 0.75 0.80 0.85 0.86 COLLINE
0.00 0.05 0.10 0.15 0.20 0.25 0.30 0.35 0.40 0.45 0.50 0.55 0.60 0.65 0.70 0.75 0.80 0.85 0.86 COLLINE
0.00 0.05 0.10 0.15 0.20 0.25 0.30 0.35 0.40 0.45 0.50 0.55 0.60 0.65 0.70 0.75 0.80 0.85 0.86 COLLINE
0.00 0.05 0.10 0.15 0.20 0.25 0.30 0.35 0.40 0.45 0.50 0.55 0.60 0.65 0.70 0.75 0.80 0.85 0.86 COLLINE
0.00 0.05 0.10 0.15 0.20 0.25 0.30 0.35 0.40 0.45 0.50 0.55 0.60 0.65 0.70 0.75 0.80 0.85 0.86 COLLINE
0.00 0.05 0.10 0.15 0.20 0.25 0.30 0.35 0.40 0.45 0.50 0.55 0.60 0.65 0.70 0.75 0.80 0.85 0.86 COLLINE
0.00 0.05 0.10 0.15 0.20 0.25 0.30 0.35 0.40 0.45 0.50 0.55 0.60 0.65 0.70 0.75 0.80 0.85 0.86 COLLINE
0.00 0.05 0.10 0.15 0.20 0.25 0.30 0.35 0.40 0.45 0.50 0.55 0.60 0.65 0.70 0.75 0.80 0.85 0.86 COLLINE
0.00 0.05 0.10 0.15 0.20 0.25 0.30 0.35 0.40 0.45 0.50 0.55 0.60 0.65 0.70 0.75 0.80 0.85 0.86 COLLINE
0.00 0.05 0.10 0.15 0.20 0.25 0.30 0.35 0.40 0.45 0.50 0.55 0.60 0.65 0.70 0.75 0.80 0.85 0.86 COLLINE
0.00 0.05 0.10 0.15 0.20 0.25 0.30 0.35 0.40 0.45 0.50 0.55 0.60 0.65 0.70 0.75 0.80 0.85 0.86 COLLINE
0.00 0.05 0.10 0.15 0.20 0.25 0.30 0.35 0.40 0.45 0.50 0.55 0.60 0.65 0.70 0.75 0.80 0.85 0.86 COLLINE
0.00 0.05 0.10 0.15 0.20 0.25 0.30 0.35 0.40 0.45 0.50 0.55 0.60 0.65 0.70 0.75 0.80 0.85 0.86 COLLINE
0.00 0.05 0.10 0.15 0.20 0.25 0.30 0.35 0.40 0.45 0.50 0.55 0.60 0.65 0.70 0.75 0.80 0.85 0.86 COLLINE
0.00 0.05 0.10 0.15 0.20 0.25 0.30 0.35 0.40 0.45 0.50 0.55 0.60 0.65 0.70 0.75 0.80 0.85 0.86 COLLINE
0.00 0.05 0.10 0.15 0.20 0.25 0.30 0.35 0.40 0.45 0.50 0.55 0.60 0.65 0.70 0.75 0.80 0.85 0.86 COLLINE
0.00 0.05 0.10 0.15 0.20 0.25 0.30 0.35 0.40 0.45 0.50 0.55 0.60 0.65 0.70 0.75 0.80 0.85 0.86 COLLINE
COLUMNEND.
GROUP.
10 20 30 40
GROUPEND.
FORMATEND.
1.596 1.596 1.596 1.596 1.596 1.576 1.551 1.532 1.512 1.478 1.417 1.393 1.369 1.348 1.326 1.345 1.363 1.422 1.418 
1.622 1.622 1.622 1.622 1.622 1.615 1.598 1.567 1.537 1.506 1.441 1.420 1.398 1.377 1.355 1.359 1.362 1.422 1.417
1.670 1.670 1.670 1.670 1.670 1.642 1.625 1.595 1.565 1.534 1.466 1.446 1.427 1.405 1.384 1.373 1.362 1.421 1.417
1.683 1.683 1.683 1.683 1.683 1.667 1.651 1.620 1.590 1.559 1.498 1.479 1.461 1.440 1.419 1.393 1.367 1.420 1.416
1.688 1.688 1.688 1.688 1.688 1.686 1.672 1.641 1.609 1.579 1.540 1.520 1.501 1.482 1.463 1.429 1.395 1.419 1.415
1.696 1.696 1.696 1.722 1.728 1.719 1.709 1.684 1.659 1.635 1.582 1.562 1.542 1.525 1.507 1.468 1.429 1.424 1.423
1.698 1.698 1.698 1.723 1.726 1.720 1.712 1.695 1.679 1.658 1.620 1.599 1.579 1.558 1.537 1.494 1.451 1.440 1.438
1.699 1.699 1.699 1.724 1.725 1.720 1.714 1.706 1.698 1.681 1.657 1.636 1.615 1.592 1.568 1.520 1.473 1.456 1.453
1.703 1.703 1.703 1.727 1.725 1.722 1.720 1.713 1.706 1.695 1.679 1.660 1.642 1.613 1.585 1.540 1.494 1.474 1.470
1.678 1.678 1.678 1.698 1.717 1.714 1.711 1.704 1.696 1.684 1.671 1.654 1.637 1.613 1.590 1.553 1.516 1.493 1.489
1.677 1.677 1.677 1.696 1.716 1.709 1.703 1.695 1.686 1.673 1.662 1.647 1.632 1.613 1.594 1.566 1.537 1.512 1.507
1.676 1.676 1.676 1.695 1.715 1.710 1.706 1.699 1.691 1.669 1.658 1.645 1.631 1.614 1.598 1.569 1.541 1.518 1.514
1.676 1.676 1.676 1.695 1.714 1.711 1.709 1.703 1.696 1.675 1.653 1.642 1.631 1.616 1.601 1.573 1.545 1.524 1.520
1.673 1.673 1.673 1.668 1.663 1.659 1.654 1.656 1.659 1.662 1.656 1.653 1.641 1.630 1.614 1.588 1.562 1.537 1.530
1.692 1.692 1.692 1.687 1.683 1.678 1.674 1.666 1.668 1.670 1.663 1.672 1.661 1.649 1.634 1.609 1.583 1.561 1.553
1.711 1.711 1.711 1.707 1.702 1.698 1.694 1.676 1.677 1.677 1.670 1.691 1.681 1.670 1.653 1.629 1.605 1.583 1.576
1.710 1.710 1.710 1.711 1.712 1.713 1.714 1.687 1.686 1.685 1.678 1.696 1.687 1.679 1.679 1.654 1.630 1.607 1.599
1.710 1.710 1.710 1.716 1.722 1.729 1.735 1.698 1.695 1.693 1.686 1.701 1.694 1.688 1.704 1.681 1.658 1.633 1.625
1.709 1.709 1.709 1.721 1.732 1.744 1.756 1.709 1.705 1.701 1.694 1.706 1.702 1.697 1.726 1.704 1.682 1.660 1.651
1.708 1.708 1.708 1.719 1.731 1.742 1.754 1.719 1.713 1.708 1.700 1.710 1.707 1.705 1.723 1.702 1.680 1.654 1.647
1.706 1.706 1.706 1.717 1.729 1.741 1.752 1.728 1.721 1.714 1.707 1.713 1.713 1.713 1.718 1.696 1.675 1.649 1.643
1.705 1.705 1.705 1.716 1.728 1.740 1.751 1.733 1.725 1.717 1.710 1.715 1.716 1.717 1.715 1.693 1.671 1.646 1.641 
1.596 1.596 1.596 1.596 1.596 1.576 1.551 1.532 1.512 1.478 1.417 1.393 1.369 1.348 1.326 1.345 1.363 1.422 1.418 
1.622 1.622 1.622 1.622 1.622 1.615 1.598 1.567 1.537 1.506 1.441 1.420 1.398 1.377 1.355 1.359 1.362 1.422 1.417
1.670 1.670 1.670 1.670 1.670 1.642 1.625 1.595 1.565 1.534 1.466 1.446 1.427 1.405 1.384 1.373 1.362 1.421 1.417
1.683 1.683 1.683 1.683 1.683 1.667 1.651 1.620 1.590 1.559 1.498 1.479 1.461 1.440 1.419 1.393 1.367 1.420 1.416
1.688 1.688 1.688 1.688 1.688 1.686 1.672 1.641 1.609 1.579 1.540 1.520 1.501 1.482 1.463 1.429 1.395 1.419 1.415
1.696 1.696 1.696 1.722 1.728 1.719 1.709 1.684 1.659 1.635 1.582 1.562 1.542 1.525 1.507 1.468 1.429 1.424 1.423
1.698 1.698 1.698 1.723 1.726 1.720 1.712 1.695 1.679 1.658 1.620 1.599 1.579 1.558 1.537 1.494 1.451 1.440 1.438
1.699 1.699 1.699 1.724 1.725 1.720 1.714 1.706 1.698 1.681 1.657 1.636 1.615 1.592 1.568 1.520 1.473 1.456 1.453
1.703 1.703 1.703 1.727 1.725 1.722 1.720 1.713 1.706 1.695 1.679 1.660 1.642 1.613 1.585 1.540 1.494 1.474 1.470
1.678 1.678 1.678 1.698 1.717 1.714 1.711 1.704 1.696 1.684 1.671 1.654 1.637 1.613 1.590 1.553 1.516 1.493 1.489
1.677 1.677 1.677 1.696 1.716 1.709 1.703 1.695 1.686 1.673 1.662 1.647 1.632 1.613 1.594 1.566 1.537 1.512 1.507
1.676 1.676 1.676 1.695 1.715 1.710 1.706 1.699 1.691 1.669 1.658 1.645 1.631 1.614 1.598 1.569 1.541 1.518 1.514
1.676 1.676 1.676 1.695 1.714 1.711 1.709 1.703 1.696 1.675 1.653 1.642 1.631 1.616 1.601 1.573 1.545 1.524 1.520
1.673 1.673 1.673 1.668 1.663 1.659 1.654 1.656 1.659 1.662 1.656 1.653 1.641 1.630 1.614 1.588 1.562 1.537 1.530
1.692 1.692 1.692 1.687 1.683 1.678 1.674 1.666 1.668 1.670 1.663 1.672 1.661 1.649 1.634 1.609 1.583 1.561 1.553
1.711 1.711 1.711 1.707 1.702 1.698 1.694 1.676 1.677 1.677 1.670 1.691 1.681 1.670 1.653 1.629 1.605 1.583 1.576
1.710 1.710 1.710 1.711 1.712 1.713 1.714 1.687 1.686 1.685 1.678 1.696 1.687 1.679 1.679 1.654 1.630 1.607 1.599
1.710 1.710 1.710 1.716 1.722 1.729 1.735 1.698 1.695 1.693 1.686 1.701 1.694 1.688 1.704 1.681 1.658 1.633 1.625
1.709 1.709 1.709 1.721 1.732 1.744 1.756 1.709 1.705 1.701 1.694 1.706 1.702 1.697 1.726 1.704 1.682 1.660 1.651
1.708 1.708 1.708 1.719 1.731 1.742 1.754 1.719 1.713 1.708 1.700 1.710 1.707 1.705 1.723 1.702 1.680 1.654 1.647
1.706 1.706 1.706 1.717 1.729 1.741 1.752 1.728 1.721 1.714 1.707 1.713 1.713 1.713 1.718 1.696 1.675 1.649 1.643
1.705 1.705 1.705 1.716 1.728 1.740 1.751 1.733 1.725 1.717 1.710 1.715 1.716 1.717 1.715 1.693 1.671 1.646 1.641 
1.576 1.575 1.556 1.531 1.502 1.471 1.434 1.404 1.375 1.341 1.290 1.264 1.237 1.215 1.193 1.206 1.219 1.231 1.228
1.570 1.558 1.548 1.548 1.548 1.507 1.458 1.426 1.393 1.363 1.310 1.287 1.263 1.240 1.217 1.217 1.218 1.230 1.227
1.567 1.567 1.557 1.537 1.538 1.497 1.479 1.447 1.415 1.387 1.331 1.309 1.288 1.264 1.240 1.229 1.217 1.229 1.226
1.565 1.565 1.565 1.535 1.530 1.519 1.503 1.470 1.436 1.408 1.351 1.331 1.312 1.288 1.264 1.240 1.216 1.229 1.225
1.569 1.569 1.563 1.556 1.550 1.539 1.526 1.491 1.455 1.425 1.372 1.352 1.332 1.310 1.288 1.258 1.229 1.228 1.224
1.558 1.558 1.558 1.559 1.564 1.551 1.536 1.502 1.468 1.441 1.393 1.373 1.353 1.332 1.311 1.279 1.247 1.237 1.235
1.556 1.556 1.556 1.562 1.564 1.553 1.540 1.511 1.483 1.458 1.421 1.400 1.380 1.358 1.335 1.300 1.265 1.250 1.248
1.564 1.564 1.564 1.565 1.563 1.555 1.545 1.521 1.497 1.475 1.448 1.427 1.407 1.383 1.359 1.321 1.283 1.264 1.260
1.566 1.566 1.566 1.565 1.561 1.553 1.547 1.530 1.513 1.491 1.473 1.452 1.432 1.403 1.373 1.337 1.300 1.278 1.274
1.564 1.564 1.564 1.555 1.546 1.540 1.535 1.520 1.506 1.487 1.470 1.450 1.430 1.404 1.378 1.348 1.318 1.294 1.289
1.563 1.563 1.563 1.552 1.541 1.532 1.522 1.510 1.499 1.483 1.467 1.448 1.429 1.406 1.383 1.359 1.335 1.309 1.304
1.562 1.562 1.562 1.549 1.536 1.528 1.521 1.511 1.500 1.479 1.462 1.445 1.428 1.407 1.386 1.361 1.337 1.313 1.308
1.561 1.561 1.561 1.546 1.531 1.525 1.520 1.511 1.502 1.482 1.457 1.442 1.427 1.408 1.389 1.363 1.338 1.316 1.312
1.493 1.493 1.493 1.489 1.485 1.481 1.477 1.441 1.445 1.448 1.454 1.450 1.436 1.422 1.403 1.379 1.355 1.326 1.320
1.506 1.506 1.506 1.502 1.499 1.495 1.492 1.445 1.446 1.447 1.450 1.465 1.452 1.439 1.424 1.398 1.373 1.346 1.340
1.519 1.519 1.519 1.516 1.513 1.510 1.507 1.448 1.447 1.445 1.445 1.481 1.470 1.459 1.445 1.418 1.390 1.366 1.359
1.518 1.518 1.518 1.519 1.520 1.521 1.522 1.452 1.448 1.444 1.441 1.471 1.465 1.459 1.467 1.440 1.414 1.386 1.379
1.518 1.518 1.518 1.523 1.528 1.532 1.537 1.456 1.449 1.443 1.438 1.461 1.460 1.460 1.487 1.465 1.443 1.413 1.405
1.517 1.517 1.517 1.526 1.535 1.544 1.553 1.459 1.451 1.442 1.434 1.451 1.456 1.461 1.506 1.486 1.467 1.440 1.431
1.516 1.516 1.516 1.525 1.533 1.542 1.551 1.462 1.451 1.440 1.429 1.440 1.450 1.460 1.484 1.473 1.461 1.436 1.428
1.514 1.514 1.514 1.523 1.532 1.540 1.549 1.465 1.451 1.438 1.424 1.428 1.444 1.459 1.474 1.465 1.456 1.433 1.427
1.513 1.513 1.513 1.522 1.531 1.540 1.548 1.466 1.451 1.436 1.421 1.423 1.441 1.459 1.468 1.461 1.454 1.432 1.426 
1.576 1.575 1.556 1.531 1.502 1.471 1.434 1.404 1.375 1.341 1.290 1.264 1.237 1.215 1.193 1.206 1.219 1.231 1.228
1.570 1.558 1.548 1.548 1.548 1.507 1.458 1.426 1.393 1.363 1.310 1.287 1.263 1.240 1.217 1.217 1.218 1.230 1.227
1.567 1.567 1.557 1.537 1.538 1.497 1.479 1.447 1.415 1.387 1.331 1.309 1.288 1.264 1.240 1.229 1.217 1.229 1.226
1.565 1.565 1.565 1.535 1.530 1.519 1.503 1.470 1.436 1.408 1.351 1.331 1.312 1.288 1.264 1.240 1.216 1.229 1.225
1.569 1.569 1.563 1.556 1.550 1.539 1.526 1.491 1.455 1.425 1.372 1.352 1.332 1.310 1.288 1.258 1.229 1.228 1.224
1.558 1.558 1.558 1.559 1.564 1.551 1.536 1.502 1.468 1.441 1.393 1.373 1.353 1.332 1.311 1.279 1.247 1.237 1.235
1.556 1.556 1.556 1.562 1.564 1.553 1.540 1.511 1.483 1.458 1.421 1.400 1.380 1.358 1.335 1.300 1.265 1.250 1.248
1.564 1.564 1.564 1.565 1.563 1.555 1.545 1.521 1.497 1.475 1.448 1.427 1.407 1.383 1.359 1.321 1.283 1.264 1.260
1.566 1.566 1.566 1.565 1.561 1.553 1.547 1.530 1.513 1.491 1.473 1.452 1.432 1.403 1.373 1.337 1.300 1.278 1.274
1.564 1.564 1.564 1.555 1.546 1.540 1.535 1.520 1.506 1.487 1.470 1.450 1.430 1.404 1.378 1.348 1.318 1.294 1.289
1.563 1.563 1.563 1.552 1.541 1.532 1.522 1.510 1.499 1.483 1.467 1.448 1.429 1.406 1.383 1.359 1.335 1.309 1.304
1.562 1.562 1.562 1.549 1.536 1.528 1.521 1.511 1.500 1.479 1.462 1.445 1.428 1.407 1.386 1.361 1.337 1.313 1.308
1.561 1.561 1.561 1.546 1.531 1.525 1.520 1.511 1.502 1.482 1.457 1.442 1.427 1.408 1.389 1.363 1.338 1.316 1.312
1.493 1.493 1.493 1.489 1.485 1.481 1.477 1.441 1.445 1.448 1.454 1.450 1.436 1.422 1.403 1.379 1.355 1.326 1.320
1.506 1.506 1.506 1.502 1.499 1.495 1.492 1.445 1.446 1.447 1.450 1.465 1.452 1.439 1.424 1.398 1.373 1.346 1.340
1.519 1.519 1.519 1.516 1.513 1.510 1.507 1.448 1.447 1.445 1.445 1.481 1.470 1.459 1.445 1.418 1.390 1.366 1.359
1.518 1.518 1.518 1.519 1.520 1.521 1.522 1.452 1.448 1.444 1.441 1.471 1.465 1.459 1.467 1.440 1.414 1.386 1.379
1.518 1.518 1.518 1.523 1.528 1.532 1.537 1.456 1.449 1.443 1.438 1.461 1.460 1.460 1.487 1.465 1.443 1.413 1.405
1.517 1.517 1.517 1.526 1.535 1.544 1.553 1.459 1.451 1.442 1.434 1.451 1.456 1.461 1.506 1.486 1.467 1.440 1.431
1.516 1.516 1.516 1.525 1.533 1.542 1.551 1.462 1.451 1.440 1.429 1.440 1.450 1.460 1.484 1.473 1.461 1.436 1.428
1.514 1.514 1.514 1.523 1.532 1.540 1.549 1.465 1.451 1.438 1.424 1.428 1.444 1.459 1.474 1.465 1.456 1.433 1.427
1.513 1.513 1.513 1.522 1.531 1.540 1.548 1.466 1.451 1.436 1.421 1.423 1.441 1.459 1.468 1.461 1.454 1.432 1.426 

//EPR F(X) N1
[003]
FORMAT.
ROW.
0.00 0.100 0.200 0.250 0.300 0.400 0.500 0.600 0.650 0.700 0.750 0.780 0.810 0.850
ROWEND.
COLUMN.
1.000 1.000 1.011 1.02 1.03 1.05 1.099 1.1 1.15 1.2 1.25 1.3 1.35 1.4 1.45 1.5 1.55 1.6 1.65 1.7 COLLINE
1.000 1.000 1.005 1.01 1.02 1.05 1.099 1.1 1.15 1.2 1.25 1.3 1.35 1.4 1.45 1.5 1.55 1.6 1.65 1.7 COLLINE
0.991 1.00 1.01 1.03 1.05 1.099 1.1 1.15 1.2 1.25 1.3 1.35 1.4 1.45 1.5 1.55 1.6 1.65 1.7 COLLINE
0.977 1.00 1.05 1.1 1.15 1.2 1.25 1.3 1.35 1.4 1.45 1.5 1.55 1.6 1.65 1.7 COLLINE
0.96 0.98 1.05 1.1 1.15 1.2 1.25 1.3 1.35 1.4 1.45 1.5 1.55 1.6 1.65 1.7 1.721 COLLINE
0.923 0.95 1 1.05 1.1 1.15 1.2 1.25 1.3 1.35 1.4 1.45 1.5 1.55 1.6 1.65 1.7 1.732 COLLINE
0.887 0.9 0.91 0.95 1 1.05 1.099 1.1 1.15 1.2 1.25 1.3 1.35 1.4 1.45 1.5 1.55 1.6 1.65 1.699 1.747 COLLINE
0.86 0.87 0.9 0.95 1 1.05 1.099 1.1 1.15 1.2 1.25 1.3 1.35 1.4 1.45 1.5 1.55 1.6 1.65 1.7 1.75 1.775 COLLINE
0.854 0.86 0.9 0.95 1 1.05 1.099 1.1 1.15 1.2 1.25 1.3 1.35 1.4 1.45 1.5 1.55 1.6 1.65 1.7 1.75 1.797 COLLINE
0.854 0.86 0.9 0.95 1 1.05 1.099 1.1 1.15 1.2 1.25 1.3 1.35 1.4 1.45 1.5 1.55 1.6 1.65 1.7 1.75 1.795 COLLINE
0.861 0.87 0.9 0.95 1 1.05 1.099 1.1 1.15 1.2 1.25 1.3 1.35 1.4 1.45 1.5 1.55 1.6 1.65 1.7 1.75 1.785 COLLINE
0.844 0.85 0.9 0.95 1 1.05 1.099 1.1 1.15 1.2 1.25 1.3 1.35 1.4 1.45 1.5 1.55 1.6 1.65 1.7 1.75 1.78 COLLINE
0.829 0.84 0.9 0.95 1 1.05 1.099 1.1 1.15 1.2 1.25 1.3 1.35 1.4 1.45 1.5 1.55 1.6 1.65 1.7 1.75 1.774 COLLINE
0.809 0.82 0.85 0.9 0.95 1 1.05 1.099 1.1 1.15 1.2 1.25 1.3 1.35 1.4 1.45 1.5 1.55 1.6 1.65 1.7 1.75 COLLINE
COLUMNEND.
GROUP.
0
GROUPEND.
FORMATEND.
0.00 5.90 22.28 29.11 35.34 44.23 56.02 56.02 64.55 70.35 74.73 78.57 81.39 84.45 86.77 89.04 90.52 93.13 96.85 101.17
0.00 5.90 20.87 25.11 31.79 45.62 57.09 57.09 64.93 70.79 75.03 78.77 81.64 84.53 86.86 89.13 90.96 93.69 97.18 101.39
23.61 28.95 34.42 43.16 49.51 59.6 59.62 66.48 72.05 75.94 79.5 82.36 84.99 87.25 89.45 91.64 94.41 97.56 101.58
22.93 34.5 51.66 61.2 67.77 72.83 76.57 80.01 82.85 85.32 87.52 89.68 92.02 94.72 97.7 101.69
23.35 33.42 55.16 63.35 69.37 73.94 77.52 80.61 83.31 85.67 87.8 89.99 92.3 94.79 97.78 101.63 103.33
23.78 35.02 52.5 61.1 67.38 72.11 75.84 79.11 81.49 83.95 86.05 88.11 90.21 92.76 95.06 98.17 102.18 104.95
30.76 34.36 37.69 51.47 60.12 66.31 70.95 70.95 74.65 77.59 80.08 82.36 84.39 86.52 88.59 90.65 92.94 95.28 98.39 102.18 106.25
38.08 40.15 48.95 57.91 64.59 69.37 72.8 72.84 75.82 78.59 80.92 83.1 85.24 87.03 89.06 91.27 93.59 95.89 99.06 102.95 107.16 109.17
43.66 45.12 54.35 62.24 66.65 70.68 73.73 73.79 76.43 78.96 81.04 83.09 85.28 87.12 89.1 91.22 93.58 95.9 99.06 102.99 107.12 110.97
49.12 50.68 57.18 64.04 68.08 71.39 74.37 74.46 76.95 79.24 81.27 83.33 85.37 87.24 89.3 91.45 93.74 96.09 99.26 103.22 107.3 111.05
53.99 55.4 59.65 65.55 69.12 71.71 74.79 74.91 77.45 79.5 81.52 83.57 85.48 87.46 89.53 91.63 93.89 96.31 99.47 103.46 107.56 110.54
53.56 54.32 61.17 66.4 69.6 71.99 74.92 75.04 77.55 79.59 81.55 83.61 85.57 87.46 89.51 91.63 93.89 96.29 99.45 103.44 107.54 110.09
49.72 51.1 58.19 62.77 66.77 70.36 73.22 73.33 75.79 78.25 80.64 83.13 85.58 87.28 89.41 91.53 93.88 96.37 99.54 103.53 107.61 109.73
49.23 50.64 54.09 59.15 63.23 67.06 70.56 73.35 73.47 75.89 78.35 80.77 83.14 85.56 87.27 89.41 91.52 93.87 96.36 99.53 103.5 107.59

//N1 F(X) EGT
[004]
FORMAT.
ROW.
0.00 0.100 0.200 0.250 0.300 0.400 0.500 0.600 0.650 0.700 0.750 0.780 0.810 0.850
ROWEND.
COLUMN.
0 4.5 5.4 5.8 6.5 7.6 10.5 11.8 15.0 17.1 19.30 22.28 29.11 35.34 44.23 56.02 56.02 64.55 70.35 74.73 78.57 81.39 84.45 86.77 89.04 90.52 93.13 96.85 101.17 COLLINE
0 4.5 5.4 5.8 6.5 7.6 10.5 11.8 20.87 25.11 31.79 45.62 57.09 57.09 64.93 70.79 75.03 78.77 81.64 84.53 86.86 89.13 90.96 93.69 97.18 101.39 COLLINE
0 23.61 28.95 34.42 43.16 49.51 59.6 59.62 66.48 72.05 75.94 79.5 82.36 84.99 87.25 89.45 91.64 94.41 97.56 101.58 COLLINE
0 22.93 34.5 51.66 61.2 67.77 72.83 76.57 80.01 82.85 85.32 87.52 89.68 92.02 94.72 97.7 101.69 COLLINE
0 23.35 33.42 55.16 63.35 69.37 73.94 77.52 80.61 83.31 85.67 87.8 89.99 92.3 94.79 97.78 101.63 103.33 COLLINE
0 23.78 35.02 52.5 61.1 67.38 72.11 75.84 79.11 81.49 83.95 86.05 88.11 90.21 92.76 95.06 98.17 102.18 104.95 COLLINE
0 30.76 34.36 37.69 51.47 60.12 66.31 70.95 70.95 74.65 77.59 80.08 82.36 84.39 86.52 88.59 90.65 92.94 95.28 98.39 102.18 106.25 COLLINE
0 38.08 40.15 48.95 57.91 64.59 69.37 72.8 72.84 75.82 78.59 80.92 83.1 85.24 87.03 89.06 91.27 93.59 95.89 99.06 102.95 107.16 109.17 COLLINE
0 43.66 45.12 54.35 62.24 66.65 70.68 73.73 73.79 76.43 78.96 81.04 83.09 85.28 87.12 89.1 91.22 93.58 95.9 99.06 102.99 107.12 110.97 COLLINE
0 49.12 50.68 57.18 64.04 68.08 71.39 74.37 74.46 76.95 79.24 81.27 83.33 85.37 87.24 89.3 91.45 93.74 96.09 99.26 103.22 107.3 111.05 COLLINE
0 53.99 55.4 59.65 65.55 69.12 71.71 74.79 74.91 77.45 79.5 81.52 83.57 85.48 87.46 89.53 91.63 93.89 96.31 99.47 103.46 107.56 110.54 COLLINE
0 53.56 54.32 61.17 66.4 69.6 71.99 74.92 75.04 77.55 79.59 81.55 83.61 85.57 87.46 89.51 91.63 93.89 96.29 99.45 103.44 107.54 110.09 COLLINE
0 49.72 51.1 58.19 62.77 66.77 70.36 73.22 73.33 75.79 78.25 80.64 83.13 85.58 87.28 89.41 91.53 93.88 96.37 99.54 103.53 107.61 109.73 COLLINE
0 49.23 50.64 54.09 59.15 63.23 67.06 70.56 73.35 73.47 75.89 78.35 80.77 83.14 85.56 87.27 89.41 91.52 93.87 96.36 99.53 103.5 107.59 COLLINE
COLUMNEND.
GROUP.
0
GROUPEND.
FORMATEND.
0 83.00 80.00 83.00 142.00 233.0 347.0 388.0 497.0 470.0 507.0 482.0 425.92 401.03 391.13 412.98 392 414.92 431.99 444.25 454.35 464.68 479.49 495.32 508.94 522.24 541.86 558.14 583.84
0 83.00 80.00 83.00 142.00 233.0 347.0 388.0 496.49 454.35 417.54 390.56 415.26 394.22 417.12 431.24 443.98 453.99 463.48 478.52 494.27 508.16 522.69 541.63 558.2 583
0 470.14 441.25 417.14 399.07 391.82 418.85 397.75 419.02 430.39 443.86 453.17 462.38 477.42 492.89 506.89 522.67 540.72 557.73 581.66
0 473.03 429.39 392.81 398.96 418.29 430.39 443.49 452.25 461.82 476.82 491.99 506.06 522.48 540.25 557.45 580.95
0 473.97 421.8 406.69 409.64 426.12 438.86 451.33 458.73 469.04 483.83 498.26 511.82 528.02 543.2 560.25 583.78 597.6
0 463.17 416.53 381.87 414.14 409.9 420.43 436 448.15 454.32 465.68 479.92 493.95 510.1 528.75 541.48 561.6 584.1 604.69
0 412.7 400.58 389.78 381.88 400.94 422.46 439.21 415.81 424.87 437.02 440.62 452.88 467.75 481.25 494.34 509.36 524.57 546.22 566.23 588.38 620.85
0 358.27 357.54 371.46 394.18 402.82 415.13 424.72 401.32 410.63 418 427.76 441.72 457.09 471.84 485.25 499.63 516.5 538.09 557.76 580.06 616.89 633.48
0 363.09 363.81 382.16 404.81 419.65 423.68 436.48 413 418.95 420.97 428.45 443.2 459.25 473.98 489.5 504.91 521.08 542.79 562.34 584.11 619.53 654.16
0 376.26 378.7 396.13 416.85 428.31 440.25 441.83 418.42 426.33 428.91 432.92 446.4 461.85 477.05 492.59 507.95 525.39 545.71 565.18 586.97 620.07 657.89
0 394.47 398.3 411.17 428.89 438.36 448.33 458.65 431.97 441.3 437.33 437.88 450.24 465.76 480.94 496.27 511.74 529.96 548.88 568.51 590.08 623.22 658.28
0 385.81 388.18 410.14 426.57 436.3 446.41 457.27 430.64 440.14 436.32 437.04 449.52 464.92 480.06 495.65 511.09 529.24 548.12 567.62 589.18 622.32 653.05
0 363.86 368.73 394.88 409.78 419.87 431.33 444.4 418.28 423.15 432.56 441.18 453.75 468.53 483.18 498.86 515.13 532.53 553.14 572.65 594.38 627.72 654.33
0 353.12 357.74 371.69 392.84 406.96 417.59 429.2 442.57 416.57 421.75 431.19 440 452.79 467.43 482.43 498.08 514.24 531.54 552.04 571.42 593.14 626.48

//N1 F(X) EPR
[005]
FORMAT.
ROW.
0.00 0.100 0.200 0.250 0.300 0.400 0.500 0.600 0.650 0.700 0.750 0.780 0.810 0.850
ROWEND.
COLUMN.
0.00 5.90 22.28 29.11 35.34 44.23 56.02 56.02 64.55 70.35 74.73 78.57 81.39 84.45 86.77 89.04 90.52 93.13 96.85 101.17 COLLINE
0.00 5.90 20.87 25.11 31.79 45.62 57.09 57.09 64.93 70.79 75.03 78.77 81.64 84.53 86.86 89.13 90.96 93.69 97.18 101.39 COLLINE
23.61 28.95 34.42 43.16 49.51 59.6 59.62 66.48 72.05 75.94 79.5 82.36 84.99 87.25 89.45 91.64 94.41 97.56 101.58 COLLINE
22.93 34.5 51.66 61.2 67.77 72.83 76.57 80.01 82.85 85.32 87.52 89.68 92.02 94.72 97.7 101.69 COLLINE
23.35 33.42 55.16 63.35 69.37 73.94 77.52 80.61 83.31 85.67 87.8 89.99 92.3 94.79 97.78 101.63 103.33 COLLINE
23.78 35.02 52.5 61.1 67.38 72.11 75.84 79.11 81.49 83.95 86.05 88.11 90.21 92.76 95.06 98.17 102.18 104.95 COLLINE
30.76 34.36 37.69 51.47 60.12 66.31 70.95 70.95 74.65 77.59 80.08 82.36 84.39 86.52 88.59 90.65 92.94 95.28 98.39 102.18 106.25 COLLINE
38.08 40.15 48.95 57.91 64.59 69.37 72.8 72.84 75.82 78.59 80.92 83.1 85.24 87.03 89.06 91.27 93.59 95.89 99.06 102.95 107.16 109.17 COLLINE
43.66 45.12 54.35 62.24 66.65 70.68 73.73 73.79 76.43 78.96 81.04 83.09 85.28 87.12 89.1 91.22 93.58 95.9 99.06 102.99 107.12 110.97 COLLINE
49.12 50.68 57.18 64.04 68.08 71.39 74.37 74.46 76.95 79.24 81.27 83.33 85.37 87.24 89.3 91.45 93.74 96.09 99.26 103.22 107.3 111.05 COLLINE
53.99 55.4 59.65 65.55 69.12 71.71 74.79 74.91 77.45 79.5 81.52 83.57 85.48 87.46 89.53 91.63 93.89 96.31 99.47 103.46 107.56 110.54 COLLINE
53.56 54.32 61.17 66.4 69.6 71.99 74.92 75.04 77.55 79.59 81.55 83.61 85.57 87.46 89.51 91.63 93.89 96.29 99.45 103.44 107.54 110.09 COLLINE
49.72 51.1 58.19 62.77 66.77 70.36 73.22 73.33 75.79 78.25 80.64 83.13 85.58 87.28 89.41 91.53 93.88 96.37 99.54 103.53 107.61 109.73 COLLINE
49.23 50.64 54.09 59.15 63.23 67.06 70.56 73.35 73.47 75.89 78.35 80.77 83.14 85.56 87.27 89.41 91.52 93.87 96.36 99.53 103.5 107.59 COLLINE
COLUMNEND.
GROUP.
0
GROUPEND.
FORMATEND.
1.000 1.000 1.011 1.02 1.03 1.05 1.099 1.1 1.15 1.2 1.25 1.3 1.35 1.4 1.45 1.5 1.55 1.6 1.65 1.7 
1.000 1.000 1.005 1.01 1.02 1.05 1.099 1.1 1.15 1.2 1.25 1.3 1.35 1.4 1.45 1.5 1.55 1.6 1.65 1.7 
0.991 1.00 1.01 1.03 1.05 1.099 1.1 1.15 1.2 1.25 1.3 1.35 1.4 1.45 1.5 1.55 1.6 1.65 1.7 
0.977 1.00 1.05 1.1 1.15 1.2 1.25 1.3 1.35 1.4 1.45 1.5 1.55 1.6 1.65 1.7 
0.96 0.98 1.05 1.1 1.15 1.2 1.25 1.3 1.35 1.4 1.45 1.5 1.55 1.6 1.65 1.7 1.721 
0.923 0.95 1 1.05 1.1 1.15 1.2 1.25 1.3 1.35 1.4 1.45 1.5 1.55 1.6 1.65 1.7 1.732 
0.887 0.9 0.91 0.95 1 1.05 1.099 1.1 1.15 1.2 1.25 1.3 1.35 1.4 1.45 1.5 1.55 1.6 1.65 1.699 1.747 
0.86 0.87 0.9 0.95 1 1.05 1.099 1.1 1.15 1.2 1.25 1.3 1.35 1.4 1.45 1.5 1.55 1.6 1.65 1.7 1.75 1.775 
0.854 0.86 0.9 0.95 1 1.05 1.099 1.1 1.15 1.2 1.25 1.3 1.35 1.4 1.45 1.5 1.55 1.6 1.65 1.7 1.75 1.797 
0.854 0.86 0.9 0.95 1 1.05 1.099 1.1 1.15 1.2 1.25 1.3 1.35 1.4 1.45 1.5 1.55 1.6 1.65 1.7 1.75 1.795 
0.861 0.87 0.9 0.95 1 1.05 1.099 1.1 1.15 1.2 1.25 1.3 1.35 1.4 1.45 1.5 1.55 1.6 1.65 1.7 1.75 1.785
0.844 0.85 0.9 0.95 1 1.05 1.099 1.1 1.15 1.2 1.25 1.3 1.35 1.4 1.45 1.5 1.55 1.6 1.65 1.7 1.75 1.78 
0.829 0.84 0.9 0.95 1 1.05 1.099 1.1 1.15 1.2 1.25 1.3 1.35 1.4 1.45 1.5 1.55 1.6 1.65 1.7 1.75 1.774 
0.809 0.82 0.85 0.9 0.95 1 1.05 1.099 1.1 1.15 1.2 1.25 1.3 1.35 1.4 1.45 1.5 1.55 1.6 1.65 1.7 1.75

//EPR Idle
[006]
FORMAT.
ROW.
0 2000 4000 6000 8000 10000 12000 14000 16000 18000 20000 22000 24000 26000 28000 30000 32000 34000 36000 38000 40000 41000
ROWEND.
COLUMN.
0.00 0.05 0.10 0.15 0.20 0.25 0.30 0.35 0.40 0.45 0.50 0.55 0.60 0.65 0.70 0.75 0.80 0.85 0.86 COLLINE
0.00 0.05 0.10 0.15 0.20 0.25 0.30 0.35 0.40 0.45 0.50 0.55 0.60 0.65 0.70 0.75 0.80 0.85 0.86 COLLINE
0.00 0.05 0.10 0.15 0.20 0.25 0.30 0.35 0.40 0.45 0.50 0.55 0.60 0.65 0.70 0.75 0.80 0.85 0.86 COLLINE
0.00 0.05 0.10 0.15 0.20 0.25 0.30 0.35 0.40 0.45 0.50 0.55 0.60 0.65 0.70 0.75 0.80 0.85 0.86 COLLINE
0.00 0.05 0.10 0.15 0.20 0.25 0.30 0.35 0.40 0.45 0.50 0.55 0.60 0.65 0.70 0.75 0.80 0.85 0.86 COLLINE
0.00 0.05 0.10 0.15 0.20 0.25 0.30 0.35 0.40 0.45 0.50 0.55 0.60 0.65 0.70 0.75 0.80 0.85 0.86 COLLINE
0.00 0.05 0.10 0.15 0.20 0.25 0.30 0.35 0.40 0.45 0.50 0.55 0.60 0.65 0.70 0.75 0.80 0.85 0.86 COLLINE
0.00 0.05 0.10 0.15 0.20 0.25 0.30 0.35 0.40 0.45 0.50 0.55 0.60 0.65 0.70 0.75 0.80 0.85 0.86 COLLINE
0.00 0.05 0.10 0.15 0.20 0.25 0.30 0.35 0.40 0.45 0.50 0.55 0.60 0.65 0.70 0.75 0.80 0.85 0.86 COLLINE
0.00 0.05 0.10 0.15 0.20 0.25 0.30 0.35 0.40 0.45 0.50 0.55 0.60 0.65 0.70 0.75 0.80 0.85 0.86 COLLINE
0.00 0.05 0.10 0.15 0.20 0.25 0.30 0.35 0.40 0.45 0.50 0.55 0.60 0.65 0.70 0.75 0.80 0.85 0.86 COLLINE
0.00 0.05 0.10 0.15 0.20 0.25 0.30 0.35 0.40 0.45 0.50 0.55 0.60 0.65 0.70 0.75 0.80 0.85 0.86 COLLINE
0.00 0.05 0.10 0.15 0.20 0.25 0.30 0.35 0.40 0.45 0.50 0.55 0.60 0.65 0.70 0.75 0.80 0.85 0.86 COLLINE
0.00 0.05 0.10 0.15 0.20 0.25 0.30 0.35 0.40 0.45 0.50 0.55 0.60 0.65 0.70 0.75 0.80 0.85 0.86 COLLINE
0.00 0.05 0.10 0.15 0.20 0.25 0.30 0.35 0.40 0.45 0.50 0.55 0.60 0.65 0.70 0.75 0.80 0.85 0.86 COLLINE
0.00 0.05 0.10 0.15 0.20 0.25 0.30 0.35 0.40 0.45 0.50 0.55 0.60 0.65 0.70 0.75 0.80 0.85 0.86 COLLINE
0.00 0.05 0.10 0.15 0.20 0.25 0.30 0.35 0.40 0.45 0.50 0.55 0.60 0.65 0.70 0.75 0.80 0.85 0.86 COLLINE
0.00 0.05 0.10 0.15 0.20 0.25 0.30 0.35 0.40 0.45 0.50 0.55 0.60 0.65 0.70 0.75 0.80 0.85 0.86 COLLINE
0.00 0.05 0.10 0.15 0.20 0.25 0.30 0.35 0.40 0.45 0.50 0.55 0.60 0.65 0.70 0.75 0.80 0.85 0.86 COLLINE
0.00 0.05 0.10 0.15 0.20 0.25 0.30 0.35 0.40 0.45 0.50 0.55 0.60 0.65 0.70 0.75 0.80 0.85 0.86 COLLINE
0.00 0.05 0.10 0.15 0.20 0.25 0.30 0.35 0.40 0.45 0.50 0.55 0.60 0.65 0.70 0.75 0.80 0.85 0.86 COLLINE
0.00 0.05 0.10 0.15 0.20 0.25 0.30 0.35 0.40 0.45 0.50 0.55 0.60 0.65 0.70 0.75 0.80 0.85 0.86 COLLINE
COLUMNEND.
GROUP.
10 20 30 40
GROUPEND.
FORMATEND.
1.015 1.013 1.011 1.004 0.994 0.986 0.972 0.956 0.942 0.923 0.903 0.881 0.862 0.850 0.827 0.804 0.784 0.763 0.758
1.016 1.014 1.011 1.004 0.995 0.986 0.972 0.956 0.942 0.924 0.903 0.881 0.862 0.850 0.827 0.804 0.784 0.763 0.759
1.016 1.014 1.011 1.004 0.995 0.986 0.972 0.956 0.942 0.924 0.903 0.881 0.862 0.850 0.827 0.804 0.784 0.763 0.759
1.017 1.014 1.011 1.004 0.995 0.986 0.972 0.956 0.942 0.924 0.903 0.881 0.862 0.850 0.827 0.804 0.784 0.763 0.759
1.017 1.014 1.011 1.004 0.995 0.986 0.972 0.956 0.943 0.924 0.903 0.881 0.862 0.850 0.827 0.804 0.784 0.763 0.759
1.018 1.015 1.011 1.004 0.996 0.986 0.972 0.956 0.943 0.924 0.903 0.881 0.862 0.850 0.827 0.804 0.784 0.763 0.759
1.018 1.015 1.013 1.006 0.998 0.988 0.975 0.958 0.945 0.926 0.905 0.883 0.864 0.853 0.830 0.807 0.787 0.766 0.761
1.018 1.016 1.015 1.008 1.000 0.991 0.977 0.960 0.947 0.928 0.907 0.885 0.866 0.856 0.833 0.811 0.789 0.768 0.764
1.018 1.017 1.016 1.009 1.002 0.993 0.979 0.962 0.948 0.929 0.909 0.886 0.867 0.857 0.834 0.813 0.791 0.770 0.766
1.020 1.019 1.018 1.012 1.005 0.996 0.982 0.965 0.949 0.929 0.909 0.886 0.867 0.857 0.834 0.813 0.791 0.770 0.766
1.023 1.022 1.021 1.015 1.008 0.999 0.985 0.969 0.952 0.932 0.910 0.886 0.867 0.857 0.834 0.813 0.791 0.770 0.766
1.026 1.025 1.024 1.018 1.011 1.002 0.989 0.972 0.955 0.936 0.913 0.888 0.868 0.859 0.836 0.814 0.792 0.771 0.767
1.029 1.028 1.027 1.022 1.015 1.006 0.992 0.976 0.959 0.940 0.917 0.891 0.871 0.860 0.837 0.816 0.793 0.772 0.769
1.033 1.032 1.031 1.025 1.019 1.010 0.997 0.981 0.963 0.944 0.922 0.895 0.874 0.863 0.840 0.820 0.796 0.775 0.772
1.037 1.037 1.035 1.030 1.024 1.015 1.002 0.985 0.968 0.949 0.927 0.900 0.878 0.868 0.844 0.825 0.799 0.779 0.776
1.042 1.041 1.040 1.035 1.029 1.021 1.007 0.991 0.973 0.955 0.933 0.905 0.881 0.872 0.849 0.830 0.803 0.783 0.781
1.047 1.047 1.046 1.041 1.035 1.027 1.014 0.997 0.979 0.961 0.942 0.911 0.886 0.877 0.855 0.836 0.808 0.790 0.786
1.055 1.054 1.053 1.048 1.042 1.035 1.021 1.005 0.986 0.969 0.950 0.919 0.891 0.883 0.862 0.841 0.817 0.797 0.795
1.065 1.064 1.063 1.058 1.052 1.043 1.030 1.014 0.994 0.978 0.960 0.930 0.897 0.891 0.869 0.847 0.825 0.808 0.805
1.077 1.076 1.074 1.069 1.064 1.053 1.041 1.025 1.004 0.988 0.970 0.944 0.905 0.899 0.878 0.856 0.837 0.821 0.818
1.089 1.088 1.087 1.082 1.076 1.066 1.052 1.037 1.018 1.000 0.981 0.958 0.916 0.911 0.888 0.868 0.849 0.834 0.831
1.096 1.095 1.093 1.088 1.083 1.073 1.059 1.043 1.025 1.007 0.988 0.965 0.927 0.918 0.894 0.875 0.856 0.840 0.837
1.016 1.013 1.011 1.004 0.994 0.986 0.972 0.956 0.942 0.923 0.902 0.881 0.861 0.850 0.827 0.804 0.784 0.762 0.758
1.016 1.013 1.011 1.004 0.994 0.986 0.972 0.956 0.942 0.923 0.902 0.881 0.862 0.850 0.827 0.804 0.784 0.762 0.758
1.017 1.013 1.011 1.004 0.994 0.986 0.972 0.956 0.942 0.924 0.903 0.881 0.862 0.850 0.827 0.804 0.784 0.763 0.758
1.017 1.013 1.011 1.004 0.995 0.986 0.972 0.956 0.942 0.924 0.903 0.881 0.862 0.850 0.827 0.804 0.784 0.763 0.759
1.017 1.014 1.011 1.004 0.995 0.986 0.972 0.956 0.942 0.924 0.903 0.881 0.862 0.850 0.827 0.804 0.784 0.763 0.759
1.017 1.014 1.011 1.004 0.996 0.986 0.972 0.956 0.943 0.924 0.903 0.881 0.862 0.850 0.827 0.804 0.784 0.763 0.759
1.017 1.014 1.013 1.006 0.998 0.988 0.975 0.958 0.945 0.926 0.905 0.883 0.864 0.853 0.830 0.807 0.787 0.765 0.761
1.018 1.016 1.015 1.008 1.000 0.991 0.977 0.960 0.947 0.928 0.907 0.885 0.866 0.856 0.833 0.811 0.789 0.768 0.764
1.018 1.017 1.015 1.009 1.002 0.993 0.979 0.962 0.948 0.929 0.909 0.886 0.867 0.857 0.834 0.813 0.790 0.769 0.766
1.020 1.019 1.018 1.012 1.005 0.996 0.982 0.965 0.949 0.929 0.909 0.886 0.867 0.857 0.834 0.813 0.790 0.770 0.766
1.023 1.022 1.021 1.015 1.008 0.999 0.985 0.969 0.952 0.932 0.910 0.886 0.867 0.857 0.834 0.813 0.791 0.770 0.766
1.026 1.025 1.024 1.018 1.011 1.002 0.989 0.972 0.955 0.936 0.913 0.888 0.868 0.858 0.836 0.814 0.792 0.771 0.767
1.029 1.028 1.027 1.022 1.015 1.006 0.992 0.976 0.959 0.940 0.917 0.891 0.871 0.860 0.837 0.816 0.793 0.772 0.769
1.033 1.032 1.031 1.025 1.019 1.010 0.997 0.981 0.963 0.944 0.922 0.895 0.874 0.863 0.840 0.820 0.796 0.775 0.772
1.037 1.037 1.035 1.030 1.024 1.015 1.002 0.985 0.968 0.949 0.927 0.900 0.878 0.868 0.844 0.825 0.799 0.779 0.776
1.042 1.041 1.040 1.035 1.029 1.021 1.007 0.991 0.973 0.955 0.933 0.905 0.881 0.872 0.849 0.830 0.803 0.783 0.781
1.047 1.047 1.046 1.041 1.035 1.027 1.014 0.997 0.979 0.961 0.942 0.911 0.886 0.877 0.855 0.836 0.808 0.790 0.786
1.055 1.054 1.053 1.048 1.042 1.035 1.021 1.005 0.986 0.969 0.950 0.919 0.891 0.883 0.862 0.841 0.817 0.797 0.795
1.065 1.064 1.063 1.058 1.052 1.043 1.030 1.014 0.994 0.978 0.960 0.930 0.897 0.891 0.869 0.847 0.825 0.808 0.805
1.077 1.076 1.074 1.069 1.064 1.053 1.041 1.025 1.004 0.988 0.970 0.944 0.905 0.899 0.878 0.856 0.837 0.821 0.818
1.089 1.088 1.087 1.082 1.076 1.066 1.052 1.037 1.018 1.000 0.981 0.958 0.916 0.911 0.888 0.868 0.849 0.834 0.831
1.096 1.095 1.093 1.088 1.083 1.073 1.059 1.043 1.025 1.007 0.988 0.965 0.927 0.918 0.894 0.875 0.856 0.840 0.837
1.016 1.012 1.011 1.004 0.994 0.986 0.972 0.955 0.942 0.923 0.902 0.880 0.861 0.850 0.827 0.804 0.784 0.762 0.758
1.016 1.013 1.011 1.004 0.994 0.986 0.972 0.956 0.942 0.923 0.902 0.881 0.861 0.850 0.827 0.804 0.784 0.762 0.758
1.016 1.013 1.011 1.004 0.994 0.986 0.972 0.956 0.942 0.923 0.902 0.881 0.861 0.850 0.827 0.804 0.784 0.762 0.758
1.016 1.013 1.011 1.004 0.994 0.986 0.972 0.956 0.942 0.923 0.902 0.881 0.862 0.850 0.827 0.804 0.784 0.762 0.758
1.016 1.013 1.011 1.004 0.995 0.986 0.972 0.956 0.942 0.924 0.903 0.881 0.862 0.850 0.827 0.804 0.784 0.763 0.759
1.017 1.013 1.011 1.004 0.996 0.986 0.972 0.956 0.942 0.924 0.903 0.881 0.862 0.850 0.827 0.804 0.784 0.763 0.759
1.017 1.014 1.013 1.006 0.998 0.988 0.975 0.958 0.944 0.926 0.905 0.883 0.864 0.853 0.830 0.807 0.787 0.765 0.761
1.017 1.016 1.015 1.008 1.000 0.990 0.977 0.960 0.947 0.928 0.907 0.885 0.866 0.856 0.833 0.811 0.789 0.768 0.764
1.018 1.017 1.015 1.009 1.002 0.993 0.979 0.962 0.948 0.929 0.908 0.886 0.867 0.857 0.834 0.812 0.790 0.769 0.766
1.020 1.019 1.018 1.012 1.005 0.996 0.982 0.965 0.949 0.929 0.909 0.886 0.867 0.857 0.834 0.812 0.790 0.769 0.766
1.023 1.022 1.021 1.015 1.008 0.999 0.985 0.969 0.952 0.932 0.910 0.886 0.867 0.857 0.834 0.813 0.790 0.769 0.766
1.026 1.025 1.024 1.018 1.011 1.002 0.989 0.972 0.955 0.936 0.913 0.888 0.868 0.858 0.836 0.814 0.792 0.771 0.767
1.029 1.028 1.027 1.022 1.015 1.006 0.992 0.976 0.959 0.940 0.917 0.891 0.871 0.860 0.837 0.816 0.793 0.772 0.769
1.033 1.032 1.031 1.025 1.019 1.010 0.997 0.981 0.963 0.944 0.922 0.895 0.874 0.863 0.840 0.819 0.795 0.775 0.772
1.037 1.037 1.035 1.030 1.024 1.015 1.002 0.985 0.968 0.949 0.927 0.900 0.878 0.868 0.844 0.825 0.799 0.779 0.776
1.042 1.041 1.040 1.035 1.029 1.021 1.007 0.991 0.973 0.955 0.933 0.905 0.881 0.872 0.849 0.830 0.803 0.783 0.781
1.047 1.047 1.046 1.041 1.035 1.027 1.014 0.997 0.979 0.961 0.942 0.911 0.886 0.877 0.855 0.836 0.808 0.790 0.786
1.055 1.054 1.053 1.048 1.042 1.035 1.021 1.005 0.986 0.969 0.950 0.919 0.891 0.883 0.862 0.841 0.817 0.797 0.795
1.065 1.064 1.063 1.058 1.052 1.043 1.030 1.014 0.994 0.978 0.960 0.930 0.897 0.891 0.869 0.847 0.825 0.808 0.805
1.077 1.076 1.074 1.069 1.064 1.053 1.041 1.025 1.004 0.988 0.970 0.944 0.905 0.899 0.878 0.856 0.837 0.821 0.818
1.089 1.088 1.087 1.082 1.076 1.066 1.052 1.037 1.018 1.000 0.981 0.958 0.916 0.911 0.888 0.868 0.849 0.834 0.831
1.096 1.095 1.093 1.088 1.083 1.073 1.059 1.043 1.025 1.007 0.988 0.965 0.927 0.918 0.894 0.874 0.856 0.840 0.837
1.015 1.012 1.010 1.003 0.994 0.985 0.971 0.955 0.942 0.923 0.902 0.880 0.861 0.849 0.826 0.803 0.783 0.762 0.758
1.015 1.012 1.010 1.003 0.994 0.985 0.971 0.955 0.942 0.923 0.902 0.880 0.861 0.849 0.826 0.803 0.783 0.762 0.758
1.016 1.012 1.011 1.003 0.994 0.985 0.971 0.955 0.942 0.923 0.902 0.880 0.861 0.850 0.827 0.803 0.783 0.762 0.758
1.016 1.012 1.011 1.004 0.994 0.986 0.972 0.955 0.942 0.923 0.902 0.880 0.861 0.850 0.827 0.803 0.783 0.762 0.758
1.016 1.012 1.011 1.004 0.994 0.986 0.972 0.955 0.942 0.923 0.902 0.880 0.861 0.850 0.827 0.804 0.784 0.762 0.758
1.016 1.013 1.011 1.004 0.996 0.986 0.972 0.956 0.942 0.923 0.902 0.881 0.861 0.850 0.827 0.804 0.784 0.762 0.758
1.016 1.014 1.013 1.006 0.998 0.988 0.974 0.958 0.944 0.926 0.905 0.883 0.864 0.853 0.830 0.807 0.786 0.765 0.761
1.017 1.016 1.014 1.008 1.000 0.990 0.977 0.960 0.946 0.928 0.907 0.885 0.866 0.855 0.833 0.810 0.789 0.768 0.764
1.018 1.017 1.015 1.009 1.002 0.993 0.979 0.962 0.947 0.929 0.908 0.886 0.867 0.857 0.834 0.812 0.790 0.769 0.765
1.020 1.019 1.018 1.012 1.005 0.996 0.982 0.965 0.949 0.929 0.908 0.886 0.867 0.857 0.834 0.812 0.790 0.769 0.766
1.023 1.022 1.021 1.015 1.008 0.999 0.985 0.969 0.952 0.932 0.910 0.886 0.867 0.857 0.834 0.812 0.790 0.769 0.766
1.026 1.025 1.024 1.018 1.011 1.002 0.989 0.972 0.955 0.936 0.913 0.888 0.868 0.858 0.836 0.814 0.792 0.771 0.767
1.029 1.028 1.027 1.022 1.015 1.006 0.992 0.976 0.959 0.940 0.917 0.891 0.871 0.860 0.837 0.816 0.793 0.772 0.769
1.033 1.032 1.031 1.025 1.019 1.010 0.997 0.981 0.963 0.944 0.922 0.895 0.874 0.863 0.840 0.819 0.795 0.775 0.772
1.037 1.037 1.035 1.030 1.024 1.015 1.002 0.985 0.968 0.949 0.927 0.900 0.878 0.868 0.844 0.825 0.799 0.779 0.776
1.042 1.041 1.040 1.035 1.029 1.021 1.007 0.991 0.973 0.955 0.933 0.905 0.881 0.872 0.849 0.830 0.803 0.783 0.781
1.047 1.047 1.046 1.041 1.035 1.027 1.014 0.997 0.979 0.961 0.942 0.911 0.886 0.877 0.855 0.836 0.808 0.789 0.786
1.055 1.054 1.053 1.048 1.042 1.035 1.021 1.005 0.986 0.969 0.950 0.919 0.891 0.883 0.862 0.841 0.817 0.797 0.795
1.065 1.064 1.063 1.058 1.052 1.043 1.030 1.014 0.994 0.978 0.960 0.930 0.897 0.891 0.869 0.847 0.825 0.808 0.805
1.077 1.076 1.074 1.069 1.064 1.053 1.041 1.025 1.004 0.988 0.970 0.944 0.905 0.899 0.878 0.856 0.837 0.821 0.818
1.089 1.088 1.087 1.082 1.076 1.066 1.052 1.037 1.018 1.000 0.981 0.958 0.916 0.911 0.888 0.868 0.848 0.833 0.830
1.096 1.095 1.093 1.088 1.083 1.073 1.059 1.043 1.025 1.007 0.988 0.965 0.927 0.918 0.894 0.874 0.856 0.840 0.837

//N1 F(X) N2
[007]
FORMAT.
ROW.
0.00 0.100 0.200 0.250 0.300 0.400 0.500 0.600 0.650 0.700 0.750 0.780 0.810 0.850
ROWEND.
COLUMN.
00.00 04.50 05.60 10.00 16.20 22.28 29.11 35.34 44.23 56.02 56.02 64.55 70.35 74.73 78.57 81.39 84.45 86.77 89.04 90.52 93.13 96.85 101.17 COLLINE
00.00 04.50 05.60 10.00 16.20 20.87 25.11 31.79 45.62 57.09 57.09 64.93 70.79 75.03 78.77 81.64 84.53 86.86 89.13 90.96 93.69 97.18 101.39 COLLINE
23.61 28.95 34.42 43.16 49.51 59.6 59.62 66.48 72.05 75.94 79.5 82.36 84.99 87.25 89.45 91.64 94.41 97.56 101.58 COLLINE
22.93 34.5 51.66 61.2 67.77 72.83 76.57 80.01 82.85 85.32 87.52 89.68 92.02 94.72 97.7 101.69 COLLINE
23.35 33.42 55.16 63.35 69.37 73.94 77.52 80.61 83.31 85.67 87.8 89.99 92.3 94.79 97.78 101.63 103.33 COLLINE
23.78 35.02 52.5 61.1 67.38 72.11 75.84 79.11 81.49 83.95 86.05 88.11 90.21 92.76 95.06 98.17 102.18 104.95 COLLINE
30.76 34.36 37.69 51.47 60.12 66.31 70.95 70.95 74.65 77.59 80.08 82.36 84.39 86.52 88.59 90.65 92.94 95.28 98.39 102.18 106.25 COLLINE
38.08 40.15 48.95 57.91 64.59 69.37 72.8 72.84 75.82 78.59 80.92 83.1 85.24 87.03 89.06 91.27 93.59 95.89 99.06 102.95 107.16 109.17 COLLINE
43.66 45.12 54.35 62.24 66.65 70.68 73.73 73.79 76.43 78.96 81.04 83.09 85.28 87.12 89.1 91.22 93.58 95.9 99.06 102.99 107.12 110.97 COLLINE
49.12 50.68 57.18 64.04 68.08 71.39 74.37 74.46 76.95 79.24 81.27 83.33 85.37 87.24 89.3 91.45 93.74 96.09 99.26 103.22 107.3 111.05 COLLINE
53.99 55.4 59.65 65.55 69.12 71.71 74.79 74.91 77.45 79.5 81.52 83.57 85.48 87.46 89.53 91.63 93.89 96.31 99.47 103.46 107.56 110.54 COLLINE
53.56 54.32 61.17 66.4 69.6 71.99 74.92 75.04 77.55 79.59 81.55 83.61 85.57 87.46 89.51 91.63 93.89 96.29 99.45 103.44 107.54 110.09 COLLINE
49.72 51.1 58.19 62.77 66.77 70.36 73.22 73.33 75.79 78.25 80.64 83.13 85.58 87.28 89.41 91.53 93.88 96.37 99.54 103.53 107.61 109.73 COLLINE
49.23 50.64 54.09 59.15 63.23 67.06 70.56 73.35 73.47 75.89 78.35 80.77 83.14 85.56 87.27 89.41 91.52 93.87 96.36 99.53 103.5 107.59 COLLINE
COLUMNEND.
GROUP.
0
GROUPEND.
FORMATEND.
00.00 25.70 27.00 37.70 50.00 61.55 68.67 71.92 75.33 81.06 80.46 83.62 85.89 87.6 88.98 90.25 91.35 92.36 93.21 93.65 94.68 95.76 97.11
00.00 25.70 27.00 37.70 50.00 61.18 66.34 70.24 75.72 81.22 80.6 83.69 86.02 87.76 89.08 90.25 91.34 92.42 93.34 93.96 94.86 96.03 97.32
65.28 68.93 71.67 74.73 77.22 82 81.37 84.15 86.45 88.14 89.36 90.38 91.43 92.56 93.51 94.32 95.09 96.31 97.52
64.57 71.68 78.14 81.85 84.52 86.76 88.39 89.54 90.48 91.51 92.66 93.62 94.51 95.19 96.45 97.62
62.98 70.62 79.65 82.62 84.96 86.96 88.43 89.52 90.47 91.5 92.57 93.52 94.38 95.11 96.25 97.37 98.07
59.36 66.98 78.81 82.73 84.38 86.17 87.68 88.88 89.9 90.94 91.99 92.94 93.79 94.51 95.34 96.39 97.68 99.02
65.67 68.71 70.96 76.89 80.87 83.74 85.64 84.97 86.52 87.73 88.24 89.17 89.99 91.04 91.92 92.86 93.85 94.81 95.83 97.01 98.95
71.28 72.86 76.1 80.45 83.73 85.86 87.46 86.75 87.98 89.01 89.9 90.84 91.81 92.73 93.6 94.71 95.9 96.87 98.03 99.3 101.09 102.02
73.61 74.39 78.03 81.72 84.56 86.68 88.09 87.38 88.34 89.08 89.93 90.96 91.9 92.82 93.93 94.78 95.68 96.66 97.77 99.11 100.89 102.62
75.63 76.1 79.45 82.67 85.07 86.84 88.21 87.51 88.46 89.23 90.06 91.15 92.11 93 93.99 94.88 95.76 96.73 97.8 99.15 101 102.72
77.81 78.57 80.64 83.49 85.45 86.98 88.12 87.59 88.64 89.4 90.21 91.37 92.32 93.24 94.09 95.02 95.9 96.85 97.86 99.2 101.06 102.58
77.4 77.83 81.2 83.8 85.59 87.05 88.16 87.64 88.66 89.42 90.22 91.38 92.33 93.24 94.07 95.01 95.89 96.84 97.85 99.21 101.07 102.36
75.71 76.54 80.27 82.64 84.43 86.08 87.42 86.9 88.09 89.16 90.14 91.12 92.06 93.04 93.97 94.9 95.78 96.83 97.86 99.21 101.07 102.13
75.2 76.06 78.03 80.66 82.79 84.51 86.13 87.45 86.94 88.12 89.18 90.16 91.12 92.05 93.03 93.95 94.89 95.77 96.82 97.87 99.21 101.07

//TOGA FN Thrust --Redo using XP12 Plane Maker, Flat rated to 20c--
[008]
FORMAT.
ROW.
0 2000 4000 6000 8000 10000 12000 14000 16000 18000 20000 22000 24000 26000 28000 30000 32000 34000 36000 38000 40000 41000
ROWEND.
COLUMN.
0.00 0.05 0.10 0.15 0.20 0.25 0.30 0.35 0.40 0.45 0.50 0.55 0.60 0.65 0.70 0.75 0.80 0.85 0.86 COLLINE
0.00 0.05 0.10 0.15 0.20 0.25 0.30 0.35 0.40 0.45 0.50 0.55 0.60 0.65 0.70 0.75 0.80 0.85 0.86 COLLINE
0.00 0.05 0.10 0.15 0.20 0.25 0.30 0.35 0.40 0.45 0.50 0.55 0.60 0.65 0.70 0.75 0.80 0.85 0.86 COLLINE
0.00 0.05 0.10 0.15 0.20 0.25 0.30 0.35 0.40 0.45 0.50 0.55 0.60 0.65 0.70 0.75 0.80 0.85 0.86 COLLINE
0.00 0.05 0.10 0.15 0.20 0.25 0.30 0.35 0.40 0.45 0.50 0.55 0.60 0.65 0.70 0.75 0.80 0.85 0.86 COLLINE
0.00 0.05 0.10 0.15 0.20 0.25 0.30 0.35 0.40 0.45 0.50 0.55 0.60 0.65 0.70 0.75 0.80 0.85 0.86 COLLINE
0.00 0.05 0.10 0.15 0.20 0.25 0.30 0.35 0.40 0.45 0.50 0.55 0.60 0.65 0.70 0.75 0.80 0.85 0.86 COLLINE
0.00 0.05 0.10 0.15 0.20 0.25 0.30 0.35 0.40 0.45 0.50 0.55 0.60 0.65 0.70 0.75 0.80 0.85 0.86 COLLINE
0.00 0.05 0.10 0.15 0.20 0.25 0.30 0.35 0.40 0.45 0.50 0.55 0.60 0.65 0.70 0.75 0.80 0.85 0.86 COLLINE
0.00 0.05 0.10 0.15 0.20 0.25 0.30 0.35 0.40 0.45 0.50 0.55 0.60 0.65 0.70 0.75 0.80 0.85 0.86 COLLINE
0.00 0.05 0.10 0.15 0.20 0.25 0.30 0.35 0.40 0.45 0.50 0.55 0.60 0.65 0.70 0.75 0.80 0.85 0.86 COLLINE
0.00 0.05 0.10 0.15 0.20 0.25 0.30 0.35 0.40 0.45 0.50 0.55 0.60 0.65 0.70 0.75 0.80 0.85 0.86 COLLINE
0.00 0.05 0.10 0.15 0.20 0.25 0.30 0.35 0.40 0.45 0.50 0.55 0.60 0.65 0.70 0.75 0.80 0.85 0.86 COLLINE
0.00 0.05 0.10 0.15 0.20 0.25 0.30 0.35 0.40 0.45 0.50 0.55 0.60 0.65 0.70 0.75 0.80 0.85 0.86 COLLINE
0.00 0.05 0.10 0.15 0.20 0.25 0.30 0.35 0.40 0.45 0.50 0.55 0.60 0.65 0.70 0.75 0.80 0.85 0.86 COLLINE
0.00 0.05 0.10 0.15 0.20 0.25 0.30 0.35 0.40 0.45 0.50 0.55 0.60 0.65 0.70 0.75 0.80 0.85 0.86 COLLINE
0.00 0.05 0.10 0.15 0.20 0.25 0.30 0.35 0.40 0.45 0.50 0.55 0.60 0.65 0.70 0.75 0.80 0.85 0.86 COLLINE
0.00 0.05 0.10 0.15 0.20 0.25 0.30 0.35 0.40 0.45 0.50 0.55 0.60 0.65 0.70 0.75 0.80 0.85 0.86 COLLINE
0.00 0.05 0.10 0.15 0.20 0.25 0.30 0.35 0.40 0.45 0.50 0.55 0.60 0.65 0.70 0.75 0.80 0.85 0.86 COLLINE
0.00 0.05 0.10 0.15 0.20 0.25 0.30 0.35 0.40 0.45 0.50 0.55 0.60 0.65 0.70 0.75 0.80 0.85 0.86 COLLINE
0.00 0.05 0.10 0.15 0.20 0.25 0.30 0.35 0.40 0.45 0.50 0.55 0.60 0.65 0.70 0.75 0.80 0.85 0.86 COLLINE
0.00 0.05 0.10 0.15 0.20 0.25 0.30 0.35 0.40 0.45 0.50 0.55 0.60 0.65 0.70 0.75 0.80 0.85 0.86 COLLINE
COLUMNEND.
GROUP.
10 20 30 40
GROUPEND.
FORMATEND.
32250 31595 30207 28810 27846 27271 26626 26175 25714 25383 25320 23768 21709 20144 18854 17834 17096 16303 16211
31350 29800 28515 27410 26446 26081 25726 24675 24314 24083 23920 21268 19709 18504 17554 16694 17096 16003 16001
29522 28050 26807 25010 24246 23871 23266 22975 22714 22383 20820 19368 18209 17144 16854 16134 15896 15703 15103
27787 26595 25207 24310 23546 23011 22326 21975 21614 21283 20320 18768 17709 18844 17754 15834 15596 15303 15211
26150 24843 23810 22936 22108 21723 21045 20708 20180 20215 20030 20079 20001 18591 17396 16487 15785 15138 15124
24599 23361 22394 21528 20813 20290 19824 19502 19201 19027 18969 18971 18971 18392 17255 16187 15426 14705 14568
21205 20338 19535 19373 18851 18299 17823 17299 16800 16342 15642 15390 15140 14905 14742 14148 13548 13688 13723
19614 18812 18070 17913 17388 16908 16504 16152 15829 15472 15072 14828 14620 14366 14185 13584 12970 12989 12997
18148 17408 16723 16561 16051 15626 15301 14998 14725 14487 14231 14051 13879 13601 13383 12887 12382 12335 12328
16372 15695 15068 14860 14686 14302 13991 13701 13434 13193 12995 12849 12719 12528 12400 12087 11779 11717 11703
15052 14429 13852 13657 13494 13102 12776 12495 12235 11998 11850 11734 11640 11525 11475 11315 11179 11096 11080
13826 13253 12723 12542 12389 12051 11774 11528 11301 10982 10841 10756 10694 10611 10590 10447 10326 10286 10279
12682 12157 11671 11501 11358 11069 10836 10620 10424 10145 9903 9846 9812 9756 9759 9632 9525 9521 9521
11593 11112 10666 10281 9923 9640 9411 9285 9193 9169 9097 9129 9093 9085 9078 8998 8933 8886 8851
10782 10340 9930 9579 9255 8997 8785 8587 8491 8457 8389 8532 8505 8499 8500 8443 8405 8394 8362
10012 9606 9231 8909 8614 8380 8185 7929 7831 7788 7724 7958 7946 7949 7942 7902 7886 7899 7868
9128 8758 8415 8161 7929 7751 7611 7311 7211 7162 7103 7295 7304 7325 7455 7420 7407 7413 7387
8310 7973 7662 7466 7288 7157 7065 6731 6631 6577 6522 6679 6704 6740 6972 6959 6970 6965 6939
7553 7247 6964 6818 6687 6596 6544 6185 6087 6030 5978 6105 6143 6191 6498 6491 6513 6533 6503
6851 6573 6316 6184 6065 5983 5935 5670 5574 5514 5467 5567 5615 5673 5883 5879 5901 5891 5875
6214 5961 5727 5608 5500 5426 5383 5197 5103 5042 4999 5076 5131 5197 5314 5309 5329 5318 5313
5917 5676 5454 5340 5237 5167 5126 4975 4883 4821 4780 4847 4905 4974 5050 5042 5056 5052 5053
32250 31595 30207 28810 27846 27271 26626 26175 25714 25383 25320 23768 21709 20144 18854 17834 17096 16303 16211
31350 29800 28515 27410 26446 26081 25726 24675 24314 24083 23920 21268 19709 18504 17554 16694 17096 16003 16001
29522 28050 26807 25010 24246 23871 23266 22975 22714 22383 20820 19368 18209 17144 16854 16134 15896 15703 15103
27787 26595 25207 24310 23546 23011 22326 21975 21614 21283 20320 18768 17709 18844 17754 15834 15596 15303 15211
26150 24843 23810 22936 22108 21723 21045 20708 20180 20215 20030 20079 20001 18591 17396 16487 15785 15138 15124
24599 23361 22394 21528 20813 20290 19824 19502 19201 19027 18969 18971 18971 18392 17255 16187 15426 14705 14568
21205 20338 19535 19373 18851 18299 17823 17299 16800 16342 15642 15390 15140 14905 14742 14148 13548 13688 13723
19614 18812 18070 17913 17388 16908 16504 16152 15829 15472 15072 14828 14620 14366 14185 13584 12970 12989 12997
18148 17408 16723 16561 16051 15626 15301 14998 14725 14487 14231 14051 13879 13601 13383 12887 12382 12335 12328
16372 15695 15068 14860 14686 14302 13991 13701 13434 13193 12995 12849 12719 12528 12400 12087 11779 11717 11703
15052 14429 13852 13657 13494 13102 12776 12495 12235 11998 11850 11734 11640 11525 11475 11315 11179 11096 11080
13826 13253 12723 12542 12389 12051 11774 11528 11301 10982 10841 10756 10694 10611 10590 10447 10326 10286 10279
12682 12157 11671 11501 11358 11069 10836 10620 10424 10145 9903 9846 9812 9756 9759 9632 9525 9521 9521
11593 11112 10666 10281 9923 9640 9411 9285 9193 9169 9097 9129 9093 9085 9078 8998 8933 8886 8851
10782 10340 9930 9579 9255 8997 8785 8587 8491 8457 8389 8532 8505 8499 8500 8443 8405 8394 8362
10012 9606 9231 8909 8614 8380 8185 7929 7831 7788 7724 7958 7946 7949 7942 7902 7886 7899 7868
9128 8758 8415 8161 7929 7751 7611 7311 7211 7162 7103 7295 7304 7325 7455 7420 7407 7413 7387
8310 7973 7662 7466 7288 7157 7065 6731 6631 6577 6522 6679 6704 6740 6972 6959 6970 6965 6939
7553 7247 6964 6818 6687 6596 6544 6185 6087 6030 5978 6105 6143 6191 6498 6491 6513 6533 6503
6851 6573 6316 6184 6065 5983 5935 5670 5574 5514 5467 5567 5615 5673 5883 5879 5901 5891 5875
6214 5961 5727 5608 5500 5426 5383 5197 5103 5042 4999 5076 5131 5197 5314 5309 5329 5318 5313
5917 5676 5454 5340 5237 5167 5126 4975 4883 4821 4780 4847 4905 4974 5050 5042 5056 5052 5053
29978 28683 27480 26798 26168 25071 24076 22775 21514 20383 18459 17768 17109 16646 16254 17234 18296 20903 20885
28665 27440 26302 25703 25111 24088 23158 21931 20757 19737 17877 17311 16769 16354 15997 16462 16984 19407 19390
27332 26177 25106 24551 23990 23034 22180 21089 20015 19088 17253 16811 16378 16001 15688 15699 15750 18000 17984
25889 24807 23805 23279 22775 21923 21168 20150 19159 18311 16808 16433 16075 15745 15488 15117 14755 16678 16663
24350 23343 22410 21936 21508 20723 20045 19108 18180 17415 16530 16179 15851 15601 15396 14887 14385 15438 15424
22899 21961 21094 20928 20413 19781 19224 18502 17801 17227 16169 15871 15571 15392 15255 14687 14126 14405 14468
21205 20338 19535 19373 18851 18299 17823 17299 16800 16342 15642 15390 15140 14905 14742 14148 13548 13688 13723
19614 18812 18070 17913 17388 16908 16504 16152 15829 15472 15072 14828 14620 14366 14185 13584 12970 12989 12997
18148 17408 16723 16561 16051 15626 15301 14998 14725 14487 14231 14051 13879 13601 13383 12887 12382 12335 12328
16372 15695 15068 14860 14686 14302 13991 13701 13434 13193 12995 12849 12719 12528 12400 12087 11779 11717 11703
15052 14429 13852 13657 13494 13102 12776 12495 12235 11998 11850 11734 11640 11525 11475 11315 11179 11096 11080
13826 13253 12723 12542 12389 12051 11774 11528 11301 10982 10841 10756 10694 10611 10590 10447 10326 10286 10279
12682 12157 11671 11501 11358 11069 10836 10620 10424 10145 9903 9846 9812 9756 9759 9632 9525 9521 9521
11593 11112 10666 10281 9923 9640 9411 9285 9193 9169 9097 9129 9093 9085 9078 8998 8933 8886 8851
10782 10340 9930 9579 9255 8997 8785 8587 8491 8457 8389 8532 8505 8499 8500 8443 8405 8394 8362
10012 9606 9231 8909 8614 8380 8185 7929 7831 7788 7724 7958 7946 7949 7942 7902 7886 7899 7868
9128 8758 8415 8161 7929 7751 7611 7311 7211 7162 7103 7295 7304 7325 7455 7420 7407 7413 7387
8310 7973 7662 7466 7288 7157 7065 6731 6631 6577 6522 6679 6704 6740 6972 6959 6970 6965 6939
7553 7247 6964 6818 6687 6596 6544 6185 6087 6030 5978 6105 6143 6191 6498 6491 6513 6533 6503
6851 6573 6316 6184 6065 5983 5935 5670 5574 5514 5467 5567 5615 5673 5883 5879 5901 5891 5875
6214 5961 5727 5608 5500 5426 5383 5197 5103 5042 4999 5076 5131 5197 5314 5309 5329 5318 5313
5917 5676 5454 5340 5237 5167 5126 4975 4883 4821 4780 4847 4905 4974 5050 5042 5056 5052 5053
28997 27733 26557 25893 25260 24159 23145 21804 20567 19471 17594 16871 16202 15725 15332 16269 17270 18535 18509
27741 26542 25427 24866 24292 23259 22304 21049 19840 18861 17063 16473 15915 15477 15105 15542 16030 17205 17181
26509 25374 24319 23793 23190 22271 21431 20277 19166 18256 16494 16022 15572 15171 14822 14821 14865 15955 15932
25199 24132 23141 22660 22070 21225 20474 19419 18391 17530 15932 15536 15151 14796 14498 14116 13770 14781 14760
23803 22803 21876 21404 20898 20126 19456 18462 17480 16695 15375 15011 14662 14357 14120 13624 13140 13679 13660
22129 21202 20343 19922 19459 18776 18180 17360 16567 15923 14798 14460 14138 13890 13696 13174 12647 12858 12907
20497 19639 18844 18463 17972 17383 16875 16252 15655 15148 14388 14063 13757 13486 13249 12696 12142 12231 12255
18963 18170 17435 17092 16579 16075 15645 15195 14766 14369 13906 13622 13334 13042 12779 12201 11630 11613 11614
17521 16790 16112 15801 15293 14851 14512 14138 13784 13484 13198 12984 12766 12409 12081 11594 11109 11032 11020
15967 15295 14673 14288 13939 13546 13227 12888 12571 12301 12066 11882 11698 11439 11210 10893 10583 10483 10466
14676 14059 13486 13122 12790 12379 12034 11728 11444 11205 11015 10859 10705 10532 10388 10218 10066 9939 9918
13480 12913 12387 12042 11725 11376 11088 10819 10571 10253 10066 9947 9832 9704 9603 9440 9292 9211 9199
12364 11843 11361 11035 10735 10439 10202 9967 9751 9471 9184 9098 9018 8929 8865 8708 8566 8526 8521
10951 10483 10048 9683 9346 9091 8882 8586 8500 8486 8428 8451 8388 8346 8288 8171 8075 7934 7895
10205 9772 9371 9037 8729 8494 8304 7946 7847 7816 7753 7906 7869 7827 7804 7704 7619 7527 7488
9492 9092 8722 8418 8137 7920 7748 7338 7231 7186 7121 7374 7351 7332 7330 7242 7169 7115 7080
8653 8289 7951 7714 7496 7335 7213 6765 6654 6597 6532 6734 6738 6748 6892 6823 6766 6707 6672
7877 7546 7238 7057 6893 6779 6700 6229 6114 6049 5983 6141 6167 6202 6463 6423 6399 6342 6310
7159 6858 6578 6445 6326 6254 6210 5724 5608 5537 5471 5591 5635 5690 6044 6014 6002 5974 5941
6492 6219 5965 5845 5737 5672 5631 5247 5131 5055 4991 5078 5136 5207 5437 5425 5429 5402 5381
5886 5638 5408 5300 5202 5143 5106 4809 4694 4615 4552 4611 4681 4765 4899 4891 4899 4880 4869
5604 5368 5149 5047 4953 4897 4862 4603 4489 4409 4346 4394 4469 4557 4649 4642 4649 4638 4632

//N1 F(X) Idle Thrust
[009]
FORMAT.
ROW.
0 2000 4000 6000 8000 10000 12000 14000 16000 18000 20000 22000 24000 26000 28000 30000 32000 34000 36000 38000 39800
ROWEND.
COLUMN.
0 0.05 0.1 0.15 0.2 0.25 0.3 0.35 0.4 0.45 0.5 0.55 0.6 0.65 0.7 0.75 0.8 0.82 COLLINE
0 0.05 0.1 0.15 0.2 0.25 0.3 0.35 0.4 0.45 0.5 0.55 0.6 0.65 0.7 0.75 0.8 0.82 COLLINE
0 0.05 0.1 0.15 0.2 0.25 0.3 0.35 0.4 0.45 0.5 0.55 0.6 0.65 0.7 0.75 0.8 0.82 COLLINE
0 0.05 0.1 0.15 0.2 0.25 0.3 0.35 0.4 0.45 0.5 0.55 0.6 0.65 0.7 0.75 0.8 0.82 COLLINE
0 0.05 0.1 0.15 0.2 0.25 0.3 0.35 0.4 0.45 0.5 0.55 0.6 0.65 0.7 0.75 0.8 0.82 COLLINE
0 0.05 0.1 0.15 0.2 0.25 0.3 0.35 0.4 0.45 0.5 0.55 0.6 0.65 0.7 0.75 0.8 0.82 COLLINE
0 0.05 0.1 0.15 0.2 0.25 0.3 0.35 0.4 0.45 0.5 0.55 0.6 0.65 0.7 0.75 0.8 0.82 COLLINE
0 0.05 0.1 0.15 0.2 0.25 0.3 0.35 0.4 0.45 0.5 0.55 0.6 0.65 0.7 0.75 0.8 0.82 COLLINE
0 0.05 0.1 0.15 0.2 0.25 0.3 0.35 0.4 0.45 0.5 0.55 0.6 0.65 0.7 0.75 0.8 0.82 COLLINE
0 0.05 0.1 0.15 0.2 0.25 0.3 0.35 0.4 0.45 0.5 0.55 0.6 0.65 0.7 0.75 0.8 0.82 COLLINE
0 0.05 0.1 0.15 0.2 0.25 0.3 0.35 0.4 0.45 0.5 0.55 0.6 0.65 0.7 0.75 0.8 0.82 COLLINE
0 0.05 0.1 0.15 0.2 0.25 0.3 0.35 0.4 0.45 0.5 0.55 0.6 0.65 0.7 0.75 0.8 0.82 COLLINE
0 0.05 0.1 0.15 0.2 0.25 0.3 0.35 0.4 0.45 0.5 0.55 0.6 0.65 0.7 0.75 0.8 0.82 COLLINE
0 0.05 0.1 0.15 0.2 0.25 0.3 0.35 0.4 0.45 0.5 0.55 0.6 0.65 0.7 0.75 0.8 0.82 COLLINE
0 0.05 0.1 0.15 0.2 0.25 0.3 0.35 0.4 0.45 0.5 0.55 0.6 0.65 0.7 0.75 0.8 0.82 COLLINE
0 0.05 0.1 0.15 0.2 0.25 0.3 0.35 0.4 0.45 0.5 0.55 0.6 0.65 0.7 0.75 0.8 0.82 COLLINE
0 0.05 0.1 0.15 0.2 0.25 0.3 0.35 0.4 0.45 0.5 0.55 0.6 0.65 0.7 0.75 0.8 0.82 COLLINE
0 0.05 0.1 0.15 0.2 0.25 0.3 0.35 0.4 0.45 0.5 0.55 0.6 0.65 0.7 0.75 0.8 0.82 COLLINE
0 0.05 0.1 0.15 0.2 0.25 0.3 0.35 0.4 0.45 0.5 0.55 0.6 0.65 0.7 0.75 0.8 0.82 COLLINE
0 0.05 0.1 0.15 0.2 0.25 0.3 0.35 0.4 0.45 0.5 0.55 0.6 0.65 0.7 0.75 0.8 0.82 COLLINE
0 0.05 0.1 0.15 0.2 0.25 0.3 0.35 0.4 0.45 0.5 0.55 0.6 0.65 0.7 0.75 0.8 0.82 COLLINE
COLUMNEND.
GROUP.
10 20 30 40
GROUPEND.
FORMATEND.
789 516 409 211 1 -28 -207 -391 -341 -35 -238 -530 -691 -607 -833 -1046 -1215 -1420 -1442
749 485 384 200 5 -22 -189 -361 -314 -30 -218 -490 -640 -562 -772 -970 -1127 -1317 -1337
711 455 361 191 9 -17 -171 -332 -289 -26 -200 -453 -593 -519 -714 -898 -1044 -1220 -1239
674 428 340 182 14 -11 -155 -304 -265 -21 -183 -417 -547 -478 -659 -830 -966 -1129 -1146
638 401 319 172 17 -7 -140 -279 -244 -17 -167 -385 -505 -441 -608 -767 -893 -1044 -1060
603 381 298 163 67 -2 -127 -256 -224 -14 -153 -355 -466 -406 -561 -708 -824 -964 -979
569 431 348 224 126 62 -53 -184 -164 31 -96 -287 -394 -327 -471 -603 -717 -841 -854
580 475 389 275 180 117 10 -121 -111 68 -48 -228 -329 -258 -391 -500 -621 -731 -740
576 475 390 297 233 169 54 -68 -84 82 -25 -192 -288 -217 -340 -435 -553 -652 -658
626 528 443 351 285 222 110 -2 -56 76 -22 -176 -264 -199 -312 -399 -508 -600 -605
698 589 491 400 333 271 162 58 -5 118 0 -161 -243 -182 -287 -366 -467 -551 -556
761 642 533 444 375 314 209 113 41 155 45 -127 -208 -152 -247 -316 -414 -490 -492
818 690 571 486 413 354 252 162 84 190 87 -79 -159 -125 -213 -272 -366 -434 -435
857 733 609 529 448 395 291 208 126 221 126 -29 -114 -77 -169 -215 -311 -370 -367
890 770 650 569 493 441 341 254 174 262 161 21 -73 -33 -119 -151 -251 -302 -294
919 803 687 609 536 483 388 297 218 300 213 67 -35 8 -71 -92 -198 -241 -230
948 836 723 653 578 523 434 337 260 337 268 110 1 46 -18 -41 -140 -166 -165
1014 898 779 704 628 568 482 390 304 377 317 167 34 85 35 2 -67 -94 -85
1103 985 865 782 706 613 537 447 351 421 370 233 76 133 78 37 -5 -5 -4
1188 1070 949 861 780 670 590 508 408 464 422 315 124 178 129 92 73 83 86
1264 1145 1023 932 847 748 643 565 479 502 467 384 180 242 181 154 138 155 160
1299 1179 1057 964 877 783 684 592 511 531 488 413 244 271 207 187 178 186 191
789 516 409 211 1 -28 -207 -391 -341 -35 -238 -530 -691 -607 -833 -1046 -1215 -1420 -1442
749 485 384 200 5 -22 -189 -361 -314 -30 -218 -490 -640 -562 -772 -970 -1127 -1317 -1337
711 455 361 191 9 -17 -171 -332 -289 -26 -200 -453 -593 -519 -714 -898 -1044 -1220 -1239
674 428 340 182 14 -11 -155 -304 -265 -21 -183 -417 -547 -478 -659 -830 -966 -1129 -1146
638 401 319 172 17 -7 -140 -279 -244 -17 -167 -385 -505 -441 -608 -767 -893 -1044 -1060
603 381 298 163 67 -2 -127 -256 -224 -14 -153 -355 -466 -406 -561 -708 -824 -964 -979
569 431 348 224 126 62 -53 -184 -164 31 -96 -287 -394 -327 -471 -603 -717 -841 -854
580 475 389 275 180 117 10 -121 -111 68 -48 -228 -329 -258 -391 -500 -621 -731 -740
576 475 390 297 233 169 54 -68 -84 82 -25 -192 -288 -217 -340 -435 -553 -652 -658
626 528 443 351 285 222 110 -2 -56 76 -22 -176 -264 -199 -312 -399 -508 -600 -605
698 589 491 400 333 271 162 58 -5 118 0 -161 -243 -182 -287 -366 -467 -551 -556
761 642 533 444 375 314 209 113 41 155 45 -127 -208 -152 -247 -316 -414 -490 -492
818 690 571 486 413 354 252 162 84 190 87 -79 -159 -125 -213 -272 -366 -434 -435
857 733 609 529 448 395 291 208 126 221 126 -29 -114 -77 -169 -215 -311 -370 -367
890 770 650 569 493 441 341 254 174 262 161 21 -73 -33 -119 -151 -251 -302 -294
919 803 687 609 536 483 388 297 218 300 213 67 -35 8 -71 -92 -198 -241 -230
948 836 723 653 578 523 434 337 260 337 268 110 1 46 -18 -41 -140 -166 -165
1014 898 779 704 628 568 482 390 304 377 317 167 34 85 35 2 -67 -94 -85
1103 985 865 782 706 613 537 447 351 421 370 233 76 133 78 37 -5 -5 -4
1188 1070 949 861 780 670 590 508 408 464 422 315 124 178 129 92 73 83 86
1264 1145 1023 932 847 748 643 565 479 502 467 384 180 242 181 154 138 155 160
1299 1179 1057 964 877 783 684 592 511 531 488 413 244 271 207 187 178 186 191
789 516 409 211 1 -28 -207 -391 -341 -35 -238 -530 -691 -607 -833 -1046 -1215 -1420 -1442
749 485 384 200 5 -22 -189 -361 -314 -30 -218 -490 -640 -562 -772 -970 -1127 -1317 -1337
711 455 361 191 9 -17 -171 -332 -289 -26 -200 -453 -593 -519 -714 -898 -1044 -1220 -1239
674 428 340 182 14 -11 -155 -304 -265 -21 -183 -417 -547 -478 -659 -830 -966 -1129 -1146
638 401 319 172 17 -7 -140 -279 -244 -17 -167 -385 -505 -441 -608 -767 -893 -1044 -1060
603 381 298 163 67 -2 -127 -256 -224 -14 -153 -355 -466 -406 -561 -708 -824 -964 -979
569 431 348 224 126 62 -53 -184 -164 31 -96 -287 -394 -327 -471 -603 -717 -841 -854
580 475 389 275 180 117 10 -121 -111 68 -48 -228 -329 -258 -391 -500 -621 -731 -740
576 475 390 297 233 169 54 -68 -84 82 -25 -192 -288 -217 -340 -435 -553 -652 -658
626 528 443 351 285 222 110 -2 -56 76 -22 -176 -264 -199 -312 -399 -508 -600 -605
698 589 491 400 333 271 162 58 -5 118 0 -161 -243 -182 -287 -366 -467 -551 -556
761 642 533 444 375 314 209 113 41 155 45 -127 -208 -152 -247 -316 -414 -490 -492
818 690 571 486 413 354 252 162 84 190 87 -79 -159 -125 -213 -272 -366 -434 -435
857 733 609 529 448 395 291 208 126 221 126 -29 -114 -77 -169 -215 -311 -370 -367
890 770 650 569 493 441 341 254 174 262 161 21 -73 -33 -119 -151 -251 -302 -294
919 803 687 609 536 483 388 297 218 300 213 67 -35 8 -71 -92 -198 -241 -230
948 836 723 653 578 523 434 337 260 337 268 110 1 46 -18 -41 -140 -166 -165
1014 898 779 704 628 568 482 390 304 377 317 167 34 85 35 2 -67 -94 -85
1103 985 865 782 706 613 537 447 351 421 370 233 76 133 78 37 -5 -5 -4
1188 1070 949 861 780 670 590 508 408 464 422 315 124 178 129 92 73 83 86
1264 1145 1023 932 847 748 643 565 479 502 467 384 180 242 181 154 138 155 160
1299 1179 1057 964 877 783 684 592 511 531 488 413 244 271 207 187 178 186 191
789 516 409 211 1 -28 -207 -391 -341 -35 -238 -530 -691 -607 -833 -1046 -1215 -1420 -1442
749 485 384 200 5 -22 -189 -361 -314 -30 -218 -490 -640 -562 -772 -970 -1127 -1317 -1337
711 455 361 191 9 -17 -171 -332 -289 -26 -200 -453 -593 -519 -714 -898 -1044 -1220 -1239
674 428 340 182 14 -11 -155 -304 -265 -21 -183 -417 -547 -478 -659 -830 -966 -1129 -1146
638 401 319 172 17 -7 -140 -279 -244 -17 -167 -385 -505 -441 -608 -767 -893 -1044 -1060
603 381 298 163 67 -2 -127 -256 -224 -14 -153 -355 -466 -406 -561 -708 -824 -964 -979
569 431 348 224 126 62 -53 -184 -164 31 -96 -287 -394 -327 -471 -603 -717 -841 -854
580 475 389 275 180 117 10 -121 -111 68 -48 -228 -329 -258 -391 -500 -621 -731 -740
576 475 390 297 233 169 54 -68 -84 82 -25 -192 -288 -217 -340 -435 -553 -652 -658
626 528 443 351 285 222 110 -2 -56 76 -22 -176 -264 -199 -312 -399 -508 -600 -605
698 589 491 400 333 271 162 58 -5 118 0 -161 -243 -182 -287 -366 -467 -551 -556
761 642 533 444 375 314 209 113 41 155 45 -127 -208 -152 -247 -316 -414 -490 -492
818 690 571 486 413 354 252 162 84 190 87 -79 -159 -125 -213 -272 -366 -434 -435
857 733 609 529 448 395 291 208 126 221 126 -29 -114 -77 -169 -215 -311 -370 -367
890 770 650 569 493 441 341 254 174 262 161 21 -73 -33 -119 -151 -251 -302 -294
919 803 687 609 536 483 388 297 218 300 213 67 -35 8 -71 -92 -198 -241 -230
948 836 723 653 578 523 434 337 260 337 268 110 1 46 -18 -41 -140 -166 -165
1014 898 779 704 628 568 482 390 304 377 317 167 34 85 35 2 -67 -94 -85
1103 985 865 782 706 613 537 447 351 421 370 233 76 133 78 37 -5 -5 -4
1188 1070 949 861 780 670 590 508 408 464 422 315 124 178 129 92 73 83 86
1264 1145 1023 932 847 748 643 565 479 502 467 384 180 242 181 154 138 155 160
1299 1179 1057 964 877 783 684 592 511 531 488 413 244 271 207 187 178 186 191

//CRUISE DRAG CF M.80 --Removed--
[010]
FORMAT.
ROW.
0 
ROWEND.
COLUMN.
0 COLLINE
COLUMNEND.
GROUP.
0 
GROUPEND.
FORMATEND.
0

//CRUISE DRAG CF M.82 --Removed--
[011]
FORMAT.
ROW.
0 
ROWEND.
COLUMN.
0 COLLINE
COLUMNEND.
GROUP.
0 
GROUPEND.
FORMATEND.
0

//CRUISE DRAG CF M.84 --Removed--
[012]
FORMAT.
ROW.
0 
ROWEND.
COLUMN.
0 COLLINE
COLUMNEND.
GROUP.
0 
GROUPEND.
FORMATEND.
0

//CRUISE FF CF M.80
[013]
FORMAT.
ROW.
0 29000 33000 37000 41000
ROWEND.
COLUMN.
0 140000 150000 160000 170000 180000 190000 200000 210000 220000 230000 240000 COLLINE
0 140000 150000 160000 170000 180000 190000 200000 210000 220000 230000 240000 COLLINE
0 140000 150000 160000 170000 180000 190000 200000 210000 220000 230000 240000 COLLINE
0 140000 150000 160000 170000 180000 190000 200000 210000 220000 230000 240000 COLLINE
0 140000 150000 160000 170000 180000 190000 200000 210000 220000 230000 240000 COLLINE
COLUMNEND.
GROUP.
0 20
GROUPEND.
FORMATEND.
1 1 1 1 1 1 1 1 1 1 1 1
1 1.108 1.11 1.113 1.115 1.117 1.12 1.121 1.123 1.125 1.127 1.13 
1 1.105 1.107 1.11 1.114 1.116 1.118 1.12 1.121 1.123 1.125 1.126
1 1.103 1.105 1.108 1.11 1.113 1.115 1.117 1.12 1.123 1.123 1.124
1 1.1 1.102 1.103 1.104 1.105 1.108 1.11 1.112 1.114 1.116 1.118
1 1 1 1 1 1 1 1 1 1 1 1
1 1.108 1.11 1.113 1.115 1.117 1.12 1.121 1.123 1.125 1.127 1.13 
1 1.105 1.107 1.11 1.114 1.116 1.118 1.12 1.121 1.123 1.125 1.126
1 1.103 1.105 1.108 1.11 1.113 1.115 1.117 1.12 1.123 1.123 1.124
1 1.1 1.102 1.103 1.104 1.105 1.108 1.11 1.112 1.114 1.116 1.118

//CRUISE FF CF M.82
[014]
FORMAT.
ROW.
0 29000 33000 37000 41000
ROWEND.
COLUMN.
0 140000 150000 160000 170000 180000 190000 200000 210000 220000 230000 240000 COLLINE
0 140000 150000 160000 170000 180000 190000 200000 210000 220000 230000 240000 COLLINE
0 140000 150000 160000 170000 180000 190000 200000 210000 220000 230000 240000 COLLINE
0 140000 150000 160000 170000 180000 190000 200000 210000 220000 230000 240000 COLLINE
0 140000 150000 160000 170000 180000 190000 200000 210000 220000 230000 240000 COLLINE
COLUMNEND.
GROUP.
0 20
GROUPEND.
FORMATEND.
1 1 1 1 1 1 1 1 1 1 1 1
1 1.108 1.11 1.113 1.115 1.117 1.12 1.121 1.123 1.125 1.127 1.13 
1 1.105 1.107 1.11 1.114 1.116 1.118 1.12 1.121 1.123 1.125 1.126
1 1.103 1.105 1.108 1.11 1.113 1.115 1.117 1.12 1.123 1.123 1.124
1 1.1 1.102 1.103 1.104 1.105 1.108 1.11 1.112 1.114 1.116 1.118
1 1 1 1 1 1 1 1 1 1 1 1
1 1.108 1.11 1.113 1.115 1.117 1.12 1.121 1.123 1.125 1.127 1.13 
1 1.105 1.107 1.11 1.114 1.116 1.118 1.12 1.121 1.123 1.125 1.126
1 1.103 1.105 1.108 1.11 1.113 1.115 1.117 1.12 1.123 1.123 1.124
1 1.1 1.102 1.103 1.104 1.105 1.108 1.11 1.112 1.114 1.116 1.118

//CRUISE FF CF M.84
[015]
FORMAT.
ROW.
0 29000 33000 37000 41000
ROWEND.
COLUMN.
0 140000 150000 160000 170000 180000 190000 200000 210000 220000 230000 240000 COLLINE
0 140000 150000 160000 170000 180000 190000 200000 210000 220000 230000 240000 COLLINE
0 140000 150000 160000 170000 180000 190000 200000 210000 220000 230000 240000 COLLINE
0 140000 150000 160000 170000 180000 190000 200000 210000 220000 230000 240000 COLLINE
0 140000 150000 160000 170000 180000 190000 200000 210000 220000 230000 240000 COLLINE
COLUMNEND.
GROUP.
0 20
GROUPEND.
FORMATEND.
1 1 1 1 1 1 1 1 1 1 1 1
1 1.108 1.11 1.113 1.115 1.117 1.12 1.121 1.123 1.125 1.127 1.13 
1 1.105 1.107 1.11 1.114 1.116 1.118 1.12 1.121 1.123 1.125 1.126
1 1.103 1.105 1.108 1.11 1.113 1.115 1.117 1.12 1.123 1.123 1.124
1 1.1 1.102 1.103 1.104 1.105 1.108 1.11 1.112 1.114 1.116 1.118
1 1 1 1 1 1 1 1 1 1 1 1
1 1.108 1.11 1.113 1.115 1.117 1.12 1.121 1.123 1.125 1.127 1.13 
1 1.105 1.107 1.11 1.114 1.116 1.118 1.12 1.121 1.123 1.125 1.126
1 1.103 1.105 1.108 1.11 1.113 1.115 1.117 1.12 1.123 1.123 1.124
1 1.1 1.102 1.103 1.104 1.105 1.108 1.11 1.112 1.114 1.116 1.118
//END OF FILE SPACE NEEDED

