//A330-300 Aero
//VS1G
[100]
FORMAT.
ROW.
0 2000 4000 6000 8000 10000 12000 14000 16000 18000 20000 22000 24000 26000 28000 30000 32000 34000 36000 38000 40000 41000
ROWEND.
COLUMN.
120000 160000 200000 240000 260000 COLLINE
120000 160000 200000 240000 260000 COLLINE
120000 160000 200000 240000 260000 COLLINE
120000 160000 200000 240000 260000 COLLINE
120000 160000 200000 240000 260000 COLLINE
120000 160000 200000 240000 260000 COLLINE
120000 160000 200000 240000 260000 COLLINE
120000 160000 200000 240000 260000 COLLINE
120000 160000 200000 240000 260000 COLLINE
120000 160000 200000 240000 260000 COLLINE
120000 160000 200000 240000 260000 COLLINE
120000 160000 200000 240000 260000 COLLINE
120000 160000 200000 240000 260000 COLLINE
120000 160000 200000 240000 260000 COLLINE
120000 160000 200000 240000 260000 COLLINE
120000 160000 200000 240000 260000 COLLINE
120000 160000 200000 240000 260000 COLLINE
120000 160000 200000 240000 260000 COLLINE
120000 160000 200000 240000 260000 COLLINE
120000 160000 200000 240000 260000 COLLINE
120000 160000 200000 240000 260000 COLLINE
120000 160000 200000 240000 COLLINE
COLUMNEND.
GROUP.
0
GROUPEND.
FORMATEND.
121.00 139.70 156.20 171.10 178.10
121.00 139.80 156.30 171.20 178.20
121.10 139.80 156.30 171.30 179.40
121.10 139.90 156.40 172.40 181.10
121.20 140.00 156.50 174.00 184.40
121.20 140.00 157.10 177.10 189.20
121.30 140.10 158.40 181.80 193.50
121.30 140.20 161.00 186.00 197.50
121.40 140.90 165.00 189.90 201.60
121.50 142.30 169.20 193.90 205.10
121.60 145.00 172.90 197.30 208.60
121.70 149.10 176.80 200.70 211.10
122.80 152.80 180.00 203.20 213.80
124.90 156.50 183.30 205.80 216.60
128.20 159.70 185.60 208.60 218.90
131.80 163.00 188.20 210.70 220.70
135.00 165.40 190.80 212.50 222.60
138.20 167.70 192.80 214.40 224.60
141.20 170.10 194.50 216.40 226.90
143.40 172.30 196.20 218.60 233.10
145.50 173.90 198.10 225.40 242.60
146.50 174.60 199.20 229.90

//VS1G FLAP1
[101]
FORMAT.
ROW.
0 2000 4000 6000 8000 10000 12000 14000 16000 18000 20000
ROWEND.
COLUMN.
120000 160000 200000 240000 255479 COLLINE
120000 160000 200000 240000 255479 COLLINE
120000 160000 200000 240000 255479 COLLINE
120000 160000 200000 240000 255479 COLLINE
120000 160000 200000 240000 255479 COLLINE
120000 160000 200000 240000 255479 COLLINE
120000 160000 200000 240000 255479 COLLINE
120000 160000 200000 240000 255479 COLLINE
120000 160000 200000 240000 255479 COLLINE
120000 160000 200000 240000 255479 COLLINE
120000 160000 200000 240000 255479 COLLINE
COLUMNEND.
GROUP.
0
GROUPEND.
FORMATEND.
105.40 121.70 136.00 149.00 153.70
105.40 121.70 136.10 149.10 153.80
105.40 121.70 136.10 149.20 153.90
105.40 121.80 136.20 149.20 154.00
105.50 121.80 136.30 149.40 154.30
105.50 121.90 136.30 149.70 154.60
105.60 122.00 136.40 150.10 155.30
105.60 122.00 136.70 150.70 155.90
105.60 122.10 137.00 151.40 156.70
105.70 122.20 137.60 152.10 157.40
105.70 122.20 138.20 152.80 157.70

//VS1G FLAP1+F
[102]
FORMAT.
ROW.
0 2000 4000 6000 8000 10000 12000 14000 16000 18000 20000
ROWEND.
COLUMN.
120000 160000 200000 240000 255479 COLLINE
120000 160000 200000 240000 255479 COLLINE
120000 160000 200000 240000 255479 COLLINE
120000 160000 200000 240000 255479 COLLINE
120000 160000 200000 240000 255479 COLLINE
120000 160000 200000 240000 255479 COLLINE
120000 160000 200000 240000 255479 COLLINE
120000 160000 200000 240000 253483 COLLINE
120000 160000 200000 240000 241720 COLLINE
120000 160000 200000 229869 COLLINE
120000 160000 200000 218610 COLLINE
COLUMNEND.
GROUP.
0
GROUPEND.
FORMATEND.
98.7 114 127.4 139.6 144
98.7 114 127.5 139.7 144.1
98.8 114.1 127.5 139.7 144.2
98.8 114.1 127.6 139.8 144.2
98.8 114.1 127.6 139.9 144.4
98.8 114.2 127.7 140.1 144.9
98.9 114.2 127.8 140.6 145.4
98.9 114.3 127.9 141.1 145.4
98.9 114.3 128.3 141.8 142.4
99 114.4 128.8 139.2
99 114.6 129.4 136.1

//VS1G FLAP2
[103]
FORMAT.
ROW.
0 2000 4000 6000 8000 10000 12000 14000 16000 18000 20000
ROWEND.
COLUMN.
120000 160000 200000 240000 255479 COLLINE
120000 160000 200000 240000 255479 COLLINE
120000 160000 200000 240000 255479 COLLINE
120000 160000 200000 240000 255479 COLLINE
120000 160000 200000 240000 255479 COLLINE
120000 160000 200000 240000 249923 COLLINE
120000 160000 200000 239287 COLLINE
120000 160000 200000 228608 COLLINE
120000 160000 200000 217706 COLLINE
120000 160000 200000 206663 COLLINE
120000 160000 195807 COLLINE
COLUMNEND.
GROUP.
0
GROUPEND.
FORMATEND.
93.20 107.60 120.30 131.80 136.00
93.20 107.60 120.30 131.80 136.00
93.20 107.70 120.40 131.90 136.10
93.20 107.70 120.40 131.90 136.10
93.30 107.70 120.50 132.10 136.60
93.30 107.80 120.50 132.50 135.50
93.30 107.80 120.60 132.80
93.30 107.90 120.90 130.10
93.40 107.90 121.40 127.20
93.40 108.00 121.90 124.10
93.50 108.30 121.00

//VS1G FLAP3
[104]
FORMAT.
ROW.
0 2000 4000 6000 8000 10000 12000 14000 16000 18000 20000
ROWEND.
COLUMN.
120000 160000 200000 240000 255479 COLLINE
120000 160000 200000 240000 255479 COLLINE
120000 160000 200000 240000 255479 COLLINE
120000 160000 200000 240000 255479 COLLINE
120000 160000 200000 240000 255479 COLLINE
120000 160000 200000 240000 255479 COLLINE
120000 160000 200000 240000 255479 COLLINE
120000 160000 200000 240000 255479 COLLINE
120000 160000 200000 240000 255479 COLLINE
120000 160000 200000 240000 246502 COLLINE
120000 160000 200000 225343 COLLINE
COLUMNEND.
GROUP.
0
GROUPEND.
FORMATEND.
90.0 103.9 116.2 127.3 131.3
90.0 104.0 116.2 127.3 131.4
90.1 104.0 116.3 127.4 131.4
90.1 104.0 116.3 127.5 131.5
90.1 104.1 116.4 127.5 131.6
90.1 104.1 116.4 127.7 132.0
90.1 104.1 116.5 128.1 132.6
90.2 104.2 116.5 128.7 133.2
90.2 104.2 116.9 129.2 133.8
90.2 104.3 117.4 129.9 131.8
90.3 104.4 118.0 126.0

//VS1G FLAP4
[105]
FORMAT.
ROW.
0 2000 4000 6000 8000 10000 12000 14000 16000 18000 20000
ROWEND.
COLUMN.
120000 160000 200000 240000 255479 COLLINE
120000 160000 200000 240000 255479 COLLINE
120000 160000 200000 240000 255479 COLLINE
120000 160000 200000 240000 255479 COLLINE
120000 160000 200000 240000 255479 COLLINE
120000 160000 200000 240000 255479 COLLINE
120000 160000 200000 240000 255479 COLLINE
120000 160000 200000 240000 255479 COLLINE
120000 160000 200000 240000 246259 COLLINE
120000 160000 200000 225660 COLLINE
120000 160000 200000 206536 COLLINE
COLUMNEND.
GROUP.
0
GROUPEND.
FORMATEND.
87.5 101.1 113.0 123.8 127.7
87.5 101.1 113.0 123.8 127.8
87.6 101.1 113.1 123.9 127.8
87.6 101.1 113.1 123.9 128.1
87.6 101.2 113.1 124.3 128.7
87.6 101.2 113.2 124.8 129.2
87.6 101.2 113.4 125.4 129.8
87.7 101.3 113.9 126.0 130.5
87.7 101.3 114.4 126.6 128.5
87.7 101.6 115.0 123.0
87.8 102.1 115.6 117.7

//END OF FILE SPACE NEEDED